1.000000000000000082e-05,4.891330405375359987e+03
1.020960662306047607e-05,4.268292767253064994e+03
1.042360673976401146e-05,4.899758453673642180e+03
1.064209244064724650e-05,4.136762274192901714e+03
1.086515774652537261e-05,4.243395958899916877e+03
1.109289864895222712e-05,3.722490572336278547e+03
1.132541315152812671e-05,3.973282139026497134e+03
1.156280131207375302e-05,3.856296075554983418e+03
1.180516528568805612e-05,3.556163827642074011e+03
1.205260936870841401e-05,3.637699336031321764e+03
1.230524004359261647e-05,3.507484433756074850e+03
1.256316602474121465e-05,3.836041029778178654e+03
1.282649830528059917e-05,3.383033453101398663e+03
1.309535020482667643e-05,3.100021388741048668e+03
1.336983741824945150e-05,3.591782113981122166e+03
1.365007806546013744e-05,3.080925357551875095e+03
1.393619274224143468e-05,3.239254621861563464e+03
1.422830457214351858e-05,3.164517849528446732e+03
1.452653925946781202e-05,2.980030804415236616e+03
1.483102514336102853e-05,3.113893989169930137e+03
1.514189325304351951e-05,2.996770605881150914e+03
1.545927736419478539e-05,2.697880145329859261e+03
1.578331405652116359e-05,2.835131652301080521e+03
1.611414277253019959e-05,2.710352413609784890e+03
1.645190587753660725e-05,2.724020340224558822e+03
1.679674872092653225e-05,2.603377706551381380e+03
1.714881969870540916e-05,2.751830494355418523e+03
1.750827031735723228e-05,2.558212675630691137e+03
1.787525525904235524e-05,2.584630770338210368e+03
1.824993244816150412e-05,2.575406961566053724e+03
1.863246311931559903e-05,2.521714214810309841e+03
1.902301188668945850e-05,2.379146703262836581e+03
1.942174681489024571e-05,2.293645175464192107e+03
1.982883949127071257e-05,2.251030288148344880e+03
2.024446509976801623e-05,2.147392242171865291e+03
2.066880249629082024e-05,2.129682712220072062e+03
2.110203428568596656e-05,2.086056187342077465e+03
2.154434690031882321e-05,2.069530718563627033e+03
2.199593068030074845e-05,2.093878986323014942e+03
2.245697995539776298e-05,1.976114798095598417e+03
2.292769312865648647e-05,1.891056752496016315e+03
2.340827276178294449e-05,1.901256919883014461e+03
2.389892566231047836e-05,1.936744426751912897e+03
2.439986297259550131e-05,1.812649081129428168e+03
2.491130026067790961e-05,1.826275341101535105e+03
2.543345761304648090e-05,1.738410717985641668e+03
2.596655972934872479e-05,1.728640944884599776e+03
2.651083601908536211e-05,1.666779431244321358e+03
2.706652070033241139e-05,1.647566632517260814e+03
2.763385290053172626e-05,1.638825566146128722e+03
2.821307675939470740e-05,1.557561984737699049e+03
2.880444153396297702e-05,1.573885003006040051e+03
2.940820170587060722e-05,1.517058873809683519e+03
3.002461709085549186e-05,1.503198827887353673e+03
3.065395295056530018e-05,1.475830255373640966e+03
3.129648010670750265e-05,1.433391322530383604e+03
3.195247505759213607e-05,1.404598548952072633e+03
3.262222009711666644e-05,1.391107663940269276e+03
3.330600343624588548e-05,1.350032479490440437e+03
3.400411932703709724e-05,1.346327720011753627e+03
3.471686818926559409e-05,1.287394616394561126e+03
3.544455673970435463e-05,1.277075420332350177e+03
3.618749812411276967e-05,1.233770861606805511e+03
3.694601205199302477e-05,1.213487033502770828e+03
3.772042493417001620e-05,1.192926199783913489e+03
3.851107002325568519e-05,1.159575089692600841e+03
3.931828755705769966e-05,1.140502046767725915e+03
4.014242490499317844e-05,1.117782571760281144e+03
4.098383671757261184e-05,1.102381392681641501e+03
4.184288507901584570e-05,1.075839722882546312e+03
4.271993966306776293e-05,1.055634587329050646e+03
4.361537789208005635e-05,1.030632142147555669e+03
4.452958509942659792e-05,9.986976624278413510e+02
4.546295469532399562e-05,9.867797886295165881e+02
4.641588833612781789e-05,9.687194494653683705e+02
4.738879609717651056e-05,9.378049469621286107e+02
4.838209664925957121e-05,9.261930813473410353e+02
4.939621743878325959e-05,9.146015094558651981e+02
5.043159487171358695e-05,8.896088874219833542e+02
5.148867450137497919e-05,8.662395601005467825e+02
5.256791122018419400e-05,8.572287499210588066e+02
5.366976945540475778e-05,8.395312126820386993e+02
5.479472336900292591e-05,8.138444204951774736e+02
5.594325706169377268e-05,7.962734830741256928e+02
5.711586478126435033e-05,7.856065720916826649e+02
5.831305113526218489e-05,7.678527986319443244e+02
5.953533130814369864e-05,7.565430244889026881e+02
6.078323128297236501e-05,7.349035903671212964e+02
6.205728806776500081e-05,7.213536754456923745e+02
6.335804992658254750e-05,7.073222285413879717e+02
6.468607661546321112e-05,6.934522236555621930e+02
6.604193962330304700e-05,6.750789109888520443e+02
6.742622241778349222e-05,6.625136374423910866e+02
6.883952069645495682e-05,6.511065905420007311e+02
7.028244264308352554e-05,6.377414899351513213e+02
7.175560918936921718e-05,6.247176189189508477e+02
7.325965428215229914e-05,6.113908185898345664e+02
7.479522515621828658e-05,5.997622272031626380e+02
7.636298261282241959e-05,5.872213915715559551e+02
7.796360130405236585e-05,5.748109523643217926e+02
7.959777002314977982e-05,5.619680959518873351e+02
8.126619200091945365e-05,5.526496264167293475e+02
8.296958520834915780e-05,5.386435974956576729e+02
8.470868266557402936e-05,5.277480229617535770e+02
8.648423275731726594e-05,5.163492497353836370e+02
8.829699955494083421e-05,5.072046674227165681e+02
9.014776314524917239e-05,4.975308927632009954e+02
9.203731996618230639e-05,4.879003412570905311e+02
9.396648314954690162e-05,4.765711437103303183e+02
9.593608287093146887e-05,4.664668779319463283e+02
9.794696670695385331e-05,4.575068230602017252e+02
1.000000000000000048e-04,4.470885136437991036e+02
1.020960662306046523e-04,4.389554096426656997e+02
1.042360673976401179e-04,4.292443125195273979e+02
1.064209244064724582e-04,4.207169819707889928e+02
1.086515774652538379e-04,4.126077890825773693e+02
1.109289864895222780e-04,4.043516379135214152e+02
1.132541315152811519e-04,3.956887797454304518e+02
1.156280131207375404e-04,3.879098263666776347e+02
1.180516528568805612e-04,3.790507688812142533e+02
1.205260936870842587e-04,3.717757041637856332e+02
1.230524004359261579e-04,3.634658958289625730e+02
1.256316602474121533e-04,3.566886965474361091e+02
1.282649830528059917e-04,3.492610226916954730e+02
1.309535020482667609e-04,3.421072586235089261e+02
1.336983741824946607e-04,3.348998475408472473e+02
1.365007806546013845e-04,3.279047714338389596e+02
1.393619274224143468e-04,3.217558271700625028e+02
1.422830457214352027e-04,3.146195931125038214e+02
1.452653925946781202e-04,3.083700981630938713e+02
1.483102514336104446e-04,3.017947149833746039e+02
1.514189325304352018e-04,2.958761584884518356e+02
1.545927736419478403e-04,2.897850977798325403e+02
1.578331405652116427e-04,2.838192743697844094e+02
1.611414277253019891e-04,2.778797642055974393e+02
1.645190587753662351e-04,2.721808367874716623e+02
1.679674872092653225e-04,2.666638779059860553e+02
1.714881969870540781e-04,2.613368246415706153e+02
1.750827031735723363e-04,2.559718446772342020e+02
1.787525525904235457e-04,2.505477340967941018e+02
1.824993244816152445e-04,2.455594850493133094e+02
1.863246311931559835e-04,2.403786015062671595e+02
1.902301188668945714e-04,2.355171330051236396e+02
1.942174681489024571e-04,2.306261365133341315e+02
1.982883949127071325e-04,2.257668950701504116e+02
2.024446509976803791e-04,2.212245497885102736e+02
2.066880249629082160e-04,2.166560720785329011e+02
2.110203428568596521e-04,2.123026908393364351e+02
2.154434690031882321e-04,2.079098906222497192e+02
2.199593068030074913e-04,2.035870973490371796e+02
2.245697995539773994e-04,1.994618754100373224e+02
2.292769312865648647e-04,1.953820723011886855e+02
2.340827276178294449e-04,1.913592992044378036e+02
2.389892566231047904e-04,1.873921415060397351e+02
2.439986297259550199e-04,1.835894085939989964e+02
2.491130026067788590e-04,1.797963288120754441e+02
2.543345761304648361e-04,1.761219740625595875e+02
2.596655972934872546e-04,1.724756371928081080e+02
2.651083601908536076e-04,1.689187816740800372e+02
2.706652070033241072e-04,1.655031026553426727e+02
2.763385290053169780e-04,1.621082471247551098e+02
2.821307675939470740e-04,1.587691323701697286e+02
2.880444153396297634e-04,1.554822466020777370e+02
2.940820170587060450e-04,1.523136141478970842e+02
3.002461709085549389e-04,1.491623566212250580e+02
3.065395295056526901e-04,1.461336566939475858e+02
3.129648010670750265e-04,1.431228972138316067e+02
3.195247505759213607e-04,1.401881669705787203e+02
3.262222009711669896e-04,1.372990582675943187e+02
3.330600343624588820e-04,1.344693698322821547e+02
3.400411932703705929e-04,1.317264948625456782e+02
3.471686818926559680e-04,1.290019068123056627e+02
3.544455673970435734e-04,1.263616336526417285e+02
3.618749812411280490e-04,1.237765822391816783e+02
3.694601205199302477e-04,1.212309826761851355e+02
3.772042493416997554e-04,1.187307202099732137e+02
3.851107002325568655e-04,1.163056682599904690e+02
3.931828755705770373e-04,1.139291864171249102e+02
4.014242490499322046e-04,1.115813986043815760e+02
4.098383671757261184e-04,1.092800359760146875e+02
4.184288507901584705e-04,1.070497371557567021e+02
4.271993966306776428e-04,1.048508205832428217e+02
4.361537789208005771e-04,1.026893595437668409e+02
4.452958509942655184e-04,1.005866622511214530e+02
4.546295469532399291e-04,9.852525715544609852e+01
4.641588833612782196e-04,9.649991673184698016e+01
4.738879609717650920e-04,9.452064174986089995e+01
4.838209664925957392e-04,9.256861261501769889e+01
4.939621743878321080e-04,9.067590395624810640e+01
5.043159487171358559e-04,8.881926204104087219e+01
5.148867450137497919e-04,8.698949438464414641e+01
5.256791122018419265e-04,8.520608057845483074e+01
5.366976945540475642e-04,8.345772263139318170e+01
5.479472336900287170e-04,8.174622020131191391e+01
5.594325706169377133e-04,8.006208448659819510e+01
5.711586478126434762e-04,7.842265316275432951e+01
5.831305113526218760e-04,7.680759097312842698e+01
5.953533130814370406e-04,7.523504354996528320e+01
6.078323128297229453e-04,7.368677708696601769e+01
6.205728806776500623e-04,7.217568837100179735e+01
6.335804992658254208e-04,7.069737483969603886e+01
6.468607661546321112e-04,6.924306857589749598e+01
6.604193962330305243e-04,6.782038978664849083e+01
6.742622241778341904e-04,6.642769799916220563e+01
6.883952069645496224e-04,6.506199638057893253e+01
7.028244264308353096e-04,6.372897495851363203e+01
7.175560918936921447e-04,6.242264435847475568e+01
7.325965428215230456e-04,6.113871138778650050e+01
7.479522515621820798e-04,5.988263546189919140e+01
7.636298261282241416e-04,5.865194230352047100e+01
7.796360130405237399e-04,5.744912032130642388e+01
7.959777002314977982e-04,5.627064219641490439e+01
8.126619200091945907e-04,5.511612657115826153e+01
8.296958520834906564e-04,5.398378639778369603e+01
8.470868266557402123e-04,5.287673213767081393e+01
8.648423275731726865e-04,5.178921260207325616e+01
8.829699955494082608e-04,5.072700736730227788e+01
9.014776314524917782e-04,4.968508220525465902e+01
9.203731996618220610e-04,4.866493845434358434e+01
9.396648314954690433e-04,4.766626729318770828e+01
9.593608287093146345e-04,4.668705926550667584e+01
9.794696670695395360e-04,4.572813194194697672e+01
1.000000000000000021e-03,4.479025515632683607e+01
1.020960662306046604e-03,4.387052100580942238e+01
1.042360673976401152e-03,4.296954547133635316e+01
1.064209244064724582e-03,4.208708088225235144e+01
1.086515774652538433e-03,4.122297841786421202e+01
1.109289864895222780e-03,4.037654788853051002e+01
1.132541315152811546e-03,3.954876696362106259e+01
1.156280131207375458e-03,3.873608004604196253e+01
1.180516528568805639e-03,3.794079578793980545e+01
1.205260936870842505e-03,3.716180609546597680e+01
1.230524004359261634e-03,3.639881016632399025e+01
1.256316602474120232e-03,3.565162217812638090e+01
1.282649830528059809e-03,3.491989569633086887e+01
1.309535020482667771e-03,3.420256638895325807e+01
1.336983741824946661e-03,3.350076036726702711e+01
1.365007806546013683e-03,3.281280520846085125e+01
1.393619274224142113e-03,3.213894090592126673e+01
1.422830457214352027e-03,3.147941629097406846e+01
1.452653925946781202e-03,3.083321078218158817e+01
1.483102514336104337e-03,3.019997029428487068e+01
1.514189325304352018e-03,2.957996965105940390e+01
1.545927736419476940e-03,2.897249543548395323e+01
1.578331405652118108e-03,2.837765225195720120e+01
1.611414277253019837e-03,2.779506321851531681e+01
1.645190587753662514e-03,2.722470702301462353e+01
1.679674872092653225e-03,2.666562583178038537e+01
1.714881969870539046e-03,2.611829075926242183e+01
1.750827031735725098e-03,2.558178407897167261e+01
1.787525525904235402e-03,2.505680535130909803e+01
1.824993244816152391e-03,2.454221485619999754e+01
1.863246311931559835e-03,2.403842821068493052e+01
1.902301188668943871e-03,2.354478433131467696e+01
1.942174681489026522e-03,2.306138025706020400e+01
1.982883949127071596e-03,2.258800053944220920e+01
2.024446509976803900e-03,2.212423530512722891e+01
2.066880249629082268e-03,2.166998649541388744e+01
2.110203428568594407e-03,2.122513029577541133e+01
2.154434690031884272e-03,2.078925787902690558e+01
2.199593068030074750e-03,2.036255790793172693e+01
2.245697995539773940e-03,1.994437402284397720e+01
2.292769312865648810e-03,1.953493068152696210e+01
2.340827276178291793e-03,1.913385343876259626e+01
2.389892566231050126e-03,1.874101569312939120e+01
2.439986297259550199e-03,1.835623695913642450e+01
2.491130026067788373e-03,1.797941722798003994e+01
2.543345761304648036e-03,1.761017625872518977e+01
2.596655972934869619e-03,1.724871341910091616e+01
2.651083601908538895e-03,1.689459949005461681e+01
2.706652070033241288e-03,1.654771068544406987e+01
2.763385290053169997e-03,1.620800830483580413e+01
2.821307675939470957e-03,1.587523573272044430e+01
2.880444153396298067e-03,1.554929869728581515e+01
2.940820170587063812e-03,1.523002666821101414e+01
3.002461709085549064e-03,1.491737641701435990e+01
3.065395295056526793e-03,1.461104966522823645e+01
3.129648010670750373e-03,1.431108198150751321e+01
3.195247505759213607e-03,1.401730418583615290e+01
3.262222009711669788e-03,1.372949843427469219e+01
3.330600343624588386e-03,1.344758280052085908e+01
3.400411932703706255e-03,1.317149880592157629e+01
3.471686818926559247e-03,1.290104973408981515e+01
3.544455673970435625e-03,1.263619530836109384e+01
3.618749812411280273e-03,1.237675287924141010e+01
3.694601205199302477e-03,1.212262989362246834e+01
3.772042493416997554e-03,1.187374882159749312e+01
3.851107002325568872e-03,1.162995629700189504e+01
3.931828755705770589e-03,1.139118946713836600e+01
4.014242490499322046e-03,1.115731910986616349e+01
4.098383671757261509e-03,1.092823715185293132e+01
4.184288507901580585e-03,1.070385035619725755e+01
4.271993966306776754e-03,1.048409270342907895e+01
4.361537789208005771e-03,1.026885101421364155e+01
4.452958509942655727e-03,1.005801112471323577e+01
4.546295469532399616e-03,9.851501880864724114e+00
4.641588833612777208e-03,9.649237817936933581e+00
4.738879609717651029e-03,9.451128969814238445e+00
4.838209664925957609e-03,9.257069212656350743e+00
4.939621743878320863e-03,9.067015739959657594e+00
5.043159487171358993e-03,8.880858594801678052e+00
5.148867450137492065e-03,8.698517905122535865e+00
5.256791122018424252e-03,8.519916840552257398e+00
5.366976945540476510e-03,8.344989631366077631e+00
5.479472336900287170e-03,8.173654103214673228e+00
5.594325706169377133e-03,8.005833710183106078e+00
5.711586478126429341e-03,7.841458041436478510e+00
5.831305113526225048e-03,7.680459431345195043e+00
5.953533130814370189e-03,7.522768227062445412e+00
6.078323128297229670e-03,7.368313180846581822e+00
6.205728806776500406e-03,7.217022167994526782e+00
6.335804992658247703e-03,7.068842393482817954e+00
6.468607661546327617e-03,6.923702090827011268e+00
6.604193962330305243e-03,6.781550144878094599e+00
6.742622241778342337e-03,6.642307639868061386e+00
6.883952069645496441e-03,6.505927833133698712e+00
7.028244264308345507e-03,6.372345991717920377e+00
7.175560918936928385e-03,6.241509660825197869e+00
7.325965428215230023e-03,6.113357229510223867e+00
7.479522515621821015e-03,5.987834308048450183e+00
7.636298261282242067e-03,5.864892239660166595e+00
7.796360130405228725e-03,5.744472547933603401e+00
7.959777002314986222e-03,5.626524237908244075e+00
8.126619200091946341e-03,5.510998393420128316e+00
8.296958520834906564e-03,5.397843294145177495e+00
8.470868266557402340e-03,5.287010225063013102e+00
8.648423275731717541e-03,5.178455151078393826e+00
8.829699955494091715e-03,5.072128504279665329e+00
9.014776314524916914e-03,4.967983142649528006e+00
9.203731996618221695e-03,4.865979009265927857e+00
9.396648314954691300e-03,4.766065653957276105e+00
9.593608287093146128e-03,4.668204856591017027e+00
9.794696670695395360e-03,4.572353161027216117e+00
1.000000000000000021e-02,4.478469557830255354e+00
1.020960662306046561e-02,4.386512991632345759e+00
1.042360673976401239e-02,4.296444792093367937e+00
1.064209244064724669e-02,4.208225625857042296e+00
1.086515774652538346e-02,4.121817648202623197e+00
1.109289864895222737e-02,4.037183266760828282e+00
1.132541315152811416e-02,3.954286260039726386e+00
1.156280131207375328e-02,3.873091545792861634e+00
1.180516528568805595e-02,3.793564102906291424e+00
1.205260936870842549e-02,3.715669223110685149e+00
1.230524004359261590e-02,3.639373421923848273e+00
1.256316602474120102e-02,3.564644073651320078e+00
1.282649830528059809e-02,3.491449181160038773e+00
1.309535020482667685e-02,3.419756520213704132e+00
1.336983741824946531e-02,3.349535971716791405e+00
1.365007806546013856e-02,3.280757015519951025e+00
1.393619274224142113e-02,3.213390142578149700e+00
1.422830457214351897e-02,3.147405843176733775e+00
1.452653925946781159e-02,3.082777233866622613e+00
1.483102514336104467e-02,3.019474669569393921e+00
1.514189325304352018e-02,2.957471902045360590e+00
1.545927736419477026e-02,2.896742724262028279e+00
1.578331405652116590e-02,2.837259383991633133e+00
1.611414277253019750e-02,2.778997500672359067e+00
1.645190587753662601e-02,2.721932131737862193e+00
1.679674872092653051e-02,2.666037990145702086e+00
1.714881969870539133e-02,2.611291834761114039e+00
1.750827031735725098e-02,2.557669048068558215e+00
1.787525525904235316e-02,2.505147420181417228e+00
1.824993244816152521e-02,2.453704057662266624e+00
1.863246311931559748e-02,2.403316768892083566e+00
1.902301188668944001e-02,2.353964265915326148e+00
1.942174681489026306e-02,2.305624603246213322e+00
1.982883949127071249e-02,2.258277540545736706e+00
2.024446509976803726e-02,2.211902457650751330e+00
2.066880249629082095e-02,2.166479565173098809e+00
2.110203428568594233e-02,2.121989205982552473e+00
2.154434690031884619e-02,2.078412160155749699e+00
2.199593068030074663e-02,2.035729784871322501e+00
2.245697995539773853e-02,1.993923743952087158e+00
2.292769312865648723e-02,1.952976049778291534e+00
2.340827276178291880e-02,1.912869018962507939e+00
2.389892566231050300e-02,1.873585334870442098e+00
2.439986297259550199e-02,1.835108119163925799e+00
2.491130026067788633e-02,1.797420872975092454e+00
2.543345761304648123e-02,1.760507382594739711e+00
2.596655972934869619e-02,1.724351769971293136e+00
2.651083601908538895e-02,1.688938365230502781e+00
2.706652070033241375e-02,1.654252074569251496e+00
2.763385290053169824e-02,1.620277898783506254e+00
2.821307675939470697e-02,1.587001235360472329e+00
2.880444153396297807e-02,1.554407737705402415e+00
2.940820170587063812e-02,1.522483377938633087e+00
3.002461709085549324e-02,1.491214450397954083e+00
3.065395295056526706e-02,1.460587472733239522e+00
3.129648010670750546e-02,1.430589297063461274e+00
3.195247505759213347e-02,1.401207037511394748e+00
3.262222009711669701e-02,1.372427921161815778e+00
3.330600343624588733e-02,1.344239678605216204e+00
3.400411932703706341e-02,1.316630174224245664e+00
3.471686818926559420e-02,1.289587442363611114e+00
3.544455673970435539e-02,1.263099983072745847e+00
3.618749812411280187e-02,1.237156258459927383e+00
3.694601205199302130e-02,1.211745221678990569e+00
3.772042493416997294e-02,1.186855831664241911e+00
3.851107002325569045e-02,1.162477461681472812e+00
3.931828755705769896e-02,1.138599589462018224e+00
4.014242490499322219e-02,1.115211911257306010e+00
4.098383671757261509e-02,1.092304441284043914e+00
4.184288507901580412e-02,1.069867225522579846e+00
4.271993966306776580e-02,1.047890658192505597e+00
4.361537789208005944e-02,1.026365295041181458e+00
4.452958509942655380e-02,1.005281825955759878e+00
4.546295469532399269e-02,9.846312641210172023e-01
4.641588833612777382e-02,9.644045938868774925e-01
4.738879609717651376e-02,9.445932415315244635e-01
4.838209664925956915e-02,9.251885946979746533e-01
4.939621743878321036e-02,9.061823271404647606e-01
5.043159487171358646e-02,8.875662983356049640e-01
5.148867450137492585e-02,8.693324340965642438e-01
5.256791122018424772e-02,8.514729256508744015e-01
5.366976945540476163e-02,8.339800819048929226e-01
5.479472336900287344e-02,8.168463589796706170e-01
5.594325706169377826e-02,8.000644284603611878e-01
5.711586478126429167e-02,7.836270045903699355e-01
5.831305113526224354e-02,7.675270658612312058e-01
5.953533130814370189e-02,7.517576599125860293e-01
6.078323128297229844e-02,7.363119975240853821e-01
6.205728806776500406e-02,7.211834642926724381e-01
6.335804992658247703e-02,7.063655012103138287e-01
6.468607661546327270e-02,6.918517710864507952e-01
6.604193962330305590e-02,6.776360104751211200e-01
6.742622241778342684e-02,6.637120895951168498e-01
6.883952069645496441e-02,6.500740601047880762e-01
7.028244264308344813e-02,6.367159985189644322e-01
7.175560918936928212e-02,6.236322033926392505e-01
7.325965428215229502e-02,6.108170125411391815e-01
7.479522515621821188e-02,5.982649174900432909e-01
7.636298261282241373e-02,5.859705431754616001e-01
7.796360130405229072e-02,5.739285544678601747e-01
7.959777002314985528e-02,5.621338068643884078e-01
8.126619200091945994e-02,5.505812065672621713e-01
8.296958520834907258e-02,5.392657760763700514e-01
8.470868266557401993e-02,5.281826778887925844e-01
8.648423275731717541e-02,5.173270987408963295e-01
8.829699955494091368e-02,5.066944055472843988e-01
9.014776314524917955e-02,4.962799960697839574e-01
9.203731996618221001e-02,4.860793951124111056e-01
9.396648314954690606e-02,4.760882348193169467e-01
9.593608287093147169e-02,4.663021793597263431e-01
9.794696670695395013e-02,4.567170492026986772e-01
1.000000000000000056e-01,4.473286969975469041e-01
1.020960662306047567e-01,4.381330907195912783e-01
1.042360673976401170e-01,4.291262885219272460e-01
1.064209244064724669e-01,4.203043845037711113e-01
1.086515774652537236e-01,4.116636090732086473e-01
1.109289864895222771e-01,4.032002259579944847e-01
1.132541315152812700e-01,3.949105988314292603e-01
1.156280131207375328e-01,3.867911738411284328e-01
1.180516528568805595e-01,3.788384302699762118e-01
1.205260936870841404e-01,3.710489728899526440e-01
1.230524004359261625e-01,3.634194282212125371e-01
1.256316602474121524e-01,3.559465215450191566e-01
1.282649830528059809e-01,3.486270498222822645e-01
1.309535020482667789e-01,3.414578359426539422e-01
1.336983741824945282e-01,3.344358218158494100e-01
1.365007806546013891e-01,3.275579656603932466e-01
1.393619274224143501e-01,3.208213153680627983e-01
1.422830457214351862e-01,3.142229823297914004e-01
1.452653925946781333e-01,3.077601045048046768e-01
1.483102514336102906e-01,3.014299247219726641e-01
1.514189325304352018e-01,2.952296989880343614e-01
1.545927736419478449e-01,2.891567681657099542e-01
1.578331405652116382e-01,2.832085271206123966e-01
1.611414277253019889e-01,2.773823961423746431e-01
1.645190587753660727e-01,2.716758895680452812e-01
1.679674872092653259e-01,2.660865341992649236e-01
1.714881969870540868e-01,2.606119324838301887e-01
1.750827031735723294e-01,2.552497351699925532e-01
1.787525525904235524e-01,2.499976183581928413e-01
1.824993244816150439e-01,2.448533403605913372e-01
1.863246311931559818e-01,2.398146714352978603e-01
1.902301188668945875e-01,2.348794515410803641e-01
1.942174681489024501e-01,2.300455607930648183e-01
1.982883949127071388e-01,2.253109056482099914e-01
2.024446509976801645e-01,2.206734656019221363e-01
2.066880249629081956e-01,2.161312292988084305e-01
2.110203428568596662e-01,2.116822508241172907e-01
2.154434690031882260e-01,2.073246176653129325e-01
2.199593068030074872e-01,2.030564439940003019e-01
2.245697995539771563e-01,1.988759079025932963e-01
2.292769312865648723e-01,1.947811957978184960e-01
2.340827276178294447e-01,1.907705542935455856e-01
2.389892566231047732e-01,1.868422581465816190e-01
2.439986297259550130e-01,1.829946083428575787e-01
2.491130026067790992e-01,1.792259622266000885e-01
2.543345761304648400e-01,1.755346845340994555e-01
2.596655972934872603e-01,1.719191953864601385e-01
2.651083601908535980e-01,1.683779383040478750e-01
2.706652070033241375e-01,1.649093826661006401e-01
2.763385290053172461e-01,1.615120476397336191e-01
2.821307675939470627e-01,1.581844584142112486e-01
2.880444153396297668e-01,1.549251916355530168e-01
2.940820170587060689e-01,1.517328432503852464e-01
3.002461709085549324e-01,1.486060341909457849e-01
3.065395295056529967e-01,1.455434292998852297e-01
3.129648010670750269e-01,1.425436988110928005e-01
3.195247505759213347e-01,1.396055602059539102e-01
3.262222009711666648e-01,1.367277468305007904e-01
3.330600343624588455e-01,1.339090163505494424e-01
3.400411932703709672e-01,1.311481648987438409e-01
3.471686818926559281e-01,1.284439935685135203e-01
3.544455673970435816e-01,1.257953465510302793e-01
3.618749812411276578e-01,1.232010813623488771e-01
3.694601205199302685e-01,1.206600786877094905e-01
3.772042493417001596e-01,1.181712530987766852e-01
3.851107002325568907e-01,1.157335236702823206e-01
3.931828755705770173e-01,1.133458488373150080e-01
4.014242490499317917e-01,1.110071980153247567e-01
4.098383671757261371e-01,1.087165628705061421e-01
4.184288507901584575e-01,1.064729646076389979e-01
4.271993966306776858e-01,1.042754287738936192e-01
4.361537789208005944e-01,1.021230166588308896e-01
4.452958509942651077e-01,1.000147987104051117e-01
4.546295469532399269e-01,9.794986658521021017e-02
4.641588833612781961e-01,9.592733754869792184e-02
4.738879609717651098e-01,9.394633324821680120e-02
4.838209664925957054e-01,9.200600758199956042e-02
4.939621743878315763e-01,9.010552218816553216e-02
5.043159487171359201e-01,8.824405880346250508e-02
5.148867450137497581e-01,8.642082122977302883e-02
5.256791122018419360e-01,8.463501784149131402e-02
5.366976945540475885e-01,8.288588596615076298e-02
5.479472336900281793e-01,8.117266953903821969e-02
5.594325706169377410e-01,7.949463140147206008e-02
5.711586478126434718e-01,7.785105340113886163e-02
5.831305113526218387e-01,7.624122210210151906e-02
5.953533130814370189e-01,7.466445002506763573e-02
6.078323128297223876e-01,7.312005532571595745e-02
6.205728806776500406e-01,7.160737390820595683e-02
6.335804992658253809e-01,7.012575805223278391e-02
6.468607661546320609e-01,6.867456473759336877e-02
6.604193962330304757e-01,6.725317431127457446e-02
6.742622241778335468e-01,6.586097189281608921e-02
6.883952069645495886e-01,6.449735905998477126e-02
7.028244264308353140e-01,6.316175178596700190e-02
7.175560918936920718e-01,6.185357043926120041e-02
7.325965428215229780e-01,6.057225652514314218e-02
7.479522515621829237e-01,5.931725554833906788e-02
7.636298261282241651e-01,5.808802827698224258e-02
7.796360130405236566e-01,5.688404808573453708e-02
7.959777002314977201e-01,5.570479251602442061e-02
8.126619200091945716e-01,5.454975819357095468e-02
8.296958520834915030e-01,5.341844505217795136e-02
8.470868266557401993e-01,5.231036723093587110e-02
8.648423275731726978e-01,5.122504985179494180e-02
8.829699955494082486e-01,5.016202199228051578e-02
9.014776314524917122e-01,4.912082996022119896e-02
9.203731996618230715e-01,4.810102278666268660e-02
9.396648314954690884e-01,4.710216271385969655e-02
9.593608287093147169e-01,4.612382145790803328e-02
9.794696670695385299e-01,4.516557462040797499e-02
1.000000000000000000e+00,4.422701327823792827e-02
1.020960662306047650e+00,4.330773073787039934e-02
1.042360673976401086e+00,4.240733260151185319e-02
1.064209244064724613e+00,4.152543252091692866e-02
1.086515774652537347e+00,4.066164813632589664e-02
1.109289864895222744e+00,3.981561083952781660e-02
1.132541315152812755e+00,3.898695385526091545e-02
1.156280131207375383e+00,3.817532186147105933e-02
1.180516528568805512e+00,3.738036634596202112e-02
1.205260936870841348e+00,3.660174282164650045e-02
1.230524004359261570e+00,3.583911902018529355e-02
1.256316602474121469e+00,3.509216417850614944e-02
1.282649830528059809e+00,3.436055816606098379e-02
1.309535020482667678e+00,3.364398660552058579e-02
1.336983741824945282e+00,3.294213914514562691e-02
1.365007806546013835e+00,3.225471625953004601e-02
1.393619274224143556e+00,3.158141967612258100e-02
1.422830457214351974e+00,3.092196097103330765e-02
1.452653925946781222e+00,3.027605655005017118e-02
1.483102514336102962e+00,2.964342684009971252e-02
1.514189325304351907e+00,2.902380178859268259e-02
1.545927736419478560e+00,2.841691246480839567e-02
1.578331405652116493e+00,2.782249899797851686e-02
1.611414277253019778e+00,2.724030556522405097e-02
1.645190587753660783e+00,2.667008031953147298e-02
1.679674872092653093e+00,2.611157978382727674e-02
1.714881969870540868e+00,2.556456148227483072e-02
1.750827031735723294e+00,2.502879127416316254e-02
1.787525525904235524e+00,2.450403838455697536e-02
1.824993244816150550e+00,2.399007594903079105e-02
1.863246311931559873e+00,2.348668444727641455e-02
1.902301188668945819e+00,2.299364525777079782e-02
1.942174681489024390e+00,2.251074742385611796e-02
1.982883949127071332e+00,2.203778276546944359e-02
2.024446509976801867e+00,2.157454692102161661e-02
2.066880249629082122e+00,2.112084197205174249e-02
2.110203428568596440e+00,2.067647080500537721e-02
2.154434690031882038e+00,2.024124334762140986e-02
2.199593068030074594e+00,1.981497180643653280e-02
2.245697995539771785e+00,1.939747208603742612e-02
2.292769312865648779e+00,1.898856574476615738e-02
2.340827276178294447e+00,1.858807506882432029e-02
2.389892566231047955e+00,1.819582877884256752e-02
2.439986297259550074e+00,1.781165749034158488e-02
2.491130026067791103e+00,1.743539536290936859e-02
2.543345761304648178e+00,1.706688149794937520e-02
2.596655972934872381e+00,1.670595568213627605e-02
2.651083601908536203e+00,1.635246356664034340e-02
2.706652070033241486e+00,1.600625236767934736e-02
2.763385290053172572e+00,1.566717268811611621e-02
2.821307675939470627e+00,1.533507944033687086e-02
2.880444153396297668e+00,1.500982819313285803e-02
2.940820170587060911e+00,1.469127983844257385e-02
3.002461709085549213e+00,1.437929657392280659e-02
3.065395295056529967e+00,1.407374381566799115e-02
3.129648010670750491e+00,1.377449069967193358e-02
3.195247505759213791e+00,1.348140705236312853e-02
3.262222009711666537e+00,1.319436747305384981e-02
3.330600343624588788e+00,1.291324768004479401e-02
3.400411932703709450e+00,1.263792642418750702e-02
3.471686818926559503e+00,1.236828565759287221e-02
3.544455673970435594e+00,1.210420805928015021e-02
3.618749812411276690e+00,1.184558057448052010e-02
3.694601205199302463e+00,1.159229110920709932e-02
3.772042493417001374e+00,1.134423041820334377e-02
3.851107002325568907e+00,1.110129201333208242e-02
3.931828755705770284e+00,1.086337013462750078e-02
4.014242490499317917e+00,1.063036286195123171e-02
4.098383671757261482e+00,1.040216908499861856e-02
4.184288507901584353e+00,1.017869035058279956e-02
4.271993966306776969e+00,9.959830602493542281e-03
4.361537789208005833e+00,9.745494486459595207e-03
4.452958509942650522e+00,9.535590111113835185e-03
4.546295469532399380e+00,9.330026264600835978e-03
4.641588833612781961e+00,9.128714198369069013e-03
4.738879609717651320e+00,8.931567264770588765e-03
4.838209664925956943e+00,8.738499475240416731e-03
4.939621743878315208e+00,8.549427968724423663e-03
5.043159487171358535e+00,8.364270448214651196e-03
5.148867450137498025e+00,8.182946901646491814e-03
5.256791122018419138e+00,8.005379154363570504e-03
5.366976945540476329e+00,7.831489649474981246e-03
5.479472336900281348e+00,7.661203655503771165e-03
5.594325706169377632e+00,7.494446903962989626e-03
5.711586478126434940e+00,7.331147248948519449e-03
5.831305113526219053e+00,7.171234136388227390e-03
5.953533130814370189e+00,7.014637608414875554e-03
6.078323128297223654e+00,6.861290249298513180e-03
6.205728806776500406e+00,6.711125021050542462e-03
6.335804992658253809e+00,6.564076860001199012e-03
6.468607661546320386e+00,6.420082063582405532e-03
6.604193962330305645e+00,6.279077528158089408e-03
6.742622241778335024e+00,6.141002420633611715e-03
6.883952069645496330e+00,6.005796216145095623e-03
7.028244264308352918e+00,5.873400228118181438e-03
7.175560918936921162e+00,5.743756922439348898e-03
7.325965428215230446e+00,5.616809376706924720e-03
7.479522515621813028e+00,5.492502685937478493e-03
7.636298261282241207e+00,5.370782198291968942e-03
7.796360130405236788e+00,5.251594971736079677e-03
7.959777002314977423e+00,5.134889042325877298e-03
8.126619200091946382e+00,5.020613060701802251e-03
8.296958520834914808e+00,4.908717473074379958e-03
8.470868266557403103e+00,4.799152935311199256e-03
8.648423275731726534e+00,4.691871694781368958e-03
8.829699955494083596e+00,4.586826826931557528e-03
9.014776314524917566e+00,4.483972029968927644e-03
9.203731996618230937e+00,4.383262593463404903e-03
9.396648314954690662e+00,4.284653997773054529e-03
9.593608287093147169e+00,4.188103201924646586e-03
9.794696670695385521e+00,4.093567873108079104e-03
1.000000000000000000e+01,4.001006312665538953e-03
1.020960662306047517e+01,3.910378239530736336e-03
1.042360673976401131e+01,3.821643565350096167e-03
1.064209244064724658e+01,3.734763589009133453e-03
1.086515774652537303e+01,3.649700235596852436e-03
1.109289864895222699e+01,3.566416097879635157e-03
1.132541315152812622e+01,3.484875072020497330e-03
1.156280131207375383e+01,3.405041307008774450e-03
1.180516528568805512e+01,3.326880347382575338e-03
1.205260936870841348e+01,3.250358461064691267e-03
1.230524004359261525e+01,3.175442976270566667e-03
1.256316602474121424e+01,3.102103990791730062e-03
1.282649830528059809e+01,3.030319258623179364e-03
1.309535020482667633e+01,2.960060116127581544e-03
1.336983741824945149e+01,2.891295277605122373e-03
1.365007806546013747e+01,2.823995050665302833e-03
1.393619274224143467e+01,2.758127379010208609e-03
1.422830457214351974e+01,2.693664891528027745e-03
1.452653925946781222e+01,2.630578345007703999e-03
1.483102514336102828e+01,2.568839414942431822e-03
1.514189325304351996e+01,2.508420516886353518e-03
1.545927736419478471e+01,2.449295049873047303e-03
1.578331405652116537e+01,2.391435545605343372e-03
1.611414277253019733e+01,2.334817147628301826e-03
1.645190587753660694e+01,2.279413828983091472e-03
1.679674872092653004e+01,2.225200978142751786e-03
1.714881969870540956e+01,2.172153955349585917e-03
1.750827031735723338e+01,2.120249015901686917e-03
1.787525525904235479e+01,2.069462826845390110e-03
1.824993244816150550e+01,2.019772459361429077e-03
1.863246311931559873e+01,1.971155063179292569e-03
1.902301188668945642e+01,1.932292230751990166e-03
1.942174681489024479e+01,1.894015099655256898e-03
1.982883949127071332e+01,1.857196013117316455e-03
2.024446509976801778e+01,3.785191765734183342e-03
2.066880249629081945e+01,3.752988766410731824e-03
2.110203428568596706e+01,3.715290797110365993e-03
2.154434690031882127e+01,3.680525283279191800e-03
2.199593068030074861e+01,3.651654115794334028e-03
2.245697995539771696e+01,3.623645736150854241e-03
2.292769312865648601e+01,3.590254684863222311e-03
2.340827276178294269e+01,3.563583549826389654e-03
2.389892566231047866e+01,3.531804598495697379e-03
2.439986297259550341e+01,3.500774053367424529e-03
2.491130026067785863e+01,3.475628877075539504e-03
2.543345761304648178e+01,3.445534973269404402e-03
2.596655972934872381e+01,3.416542725512425587e-03
2.651083601908536380e+01,3.392538253745858157e-03
2.706652070033241131e+01,3.359873314450455024e-03
2.763385290053172838e+01,3.336805454962816098e-03
2.821307675939470627e+01,3.313820768370282204e-03
2.880444153396297935e+01,3.288989590084930113e-03
2.940820170587060645e+01,3.276590707160843569e-03
3.002461709085549302e+01,3.259739348040676353e-03
3.065395295056529790e+01,3.252086046662692326e-03
3.129648010670750580e+01,3.255253240697278568e-03
3.195247505759213524e+01,3.248154476335759090e-03
3.262222009711666715e+01,3.241247253943197685e-03
3.330600343624588788e+01,3.235890614354800920e-03
3.400411932703709539e+01,3.230181846544497633e-03
3.471686818926559681e+01,3.222879561937381718e-03
3.544455673970435328e+01,3.219268849184772803e-03
3.618749812411276423e+01,3.197315994339154904e-03
3.694601205199302285e+01,3.194504830681582901e-03
3.772042493417001197e+01,3.189236097270764601e-03
3.851107002325569084e+01,3.185838842551308100e-03
3.931828755705770106e+01,3.183822764521480192e-03
4.014242490499317739e+01,3.162619954898823835e-03
4.098383671757261482e+01,3.159839157989942533e-03
4.184288507901584353e+01,3.158299685939767489e-03
4.271993966306776969e+01,3.138525735378976111e-03
4.361537789208005478e+01,3.135344515493098706e-03
4.452958509942650522e+01,3.134922762105081789e-03
4.546295469532399380e+01,3.116470345696777285e-03
4.641588833612782139e+01,3.113900210031940799e-03
4.738879609717650965e+01,3.096317650987230174e-03
4.838209664925957298e+01,3.094368318160384875e-03
4.939621743878315385e+01,3.079158958839714900e-03
5.043159487171358535e+01,3.062778127196060483e-03
5.148867450137497315e+01,3.061161778702508468e-03
5.256791122018419316e+01,3.045541690056646506e-03
5.366976945540476152e+01,3.030289675152148844e-03
5.479472336900281704e+01,3.029156796385742371e-03
5.594325706169377810e+01,3.014637322608049348e-03
5.711586478126434940e+01,3.001645121353146983e-03
5.831305113526218520e+01,2.987786819916206631e-03
5.953533130814370367e+01,2.986912969643576790e-03
6.078323128297223832e+01,2.973706467016445053e-03
6.205728806776500761e+01,2.960814935878549117e-03
6.335804992658254520e+01,2.948230306933766198e-03
6.468607661546320742e+01,2.935948997985877388e-03
6.604193962330305112e+01,2.923959921268640648e-03
6.742622241778335024e+01,2.912258829159735697e-03
6.883952069645496863e+01,2.900837886642975913e-03
7.028244264308352740e+01,2.889691167701457977e-03
7.175560918936920984e+01,2.878812174696116204e-03
7.325965428215229736e+01,2.868194544176724640e-03
7.479522515621813739e+01,2.857831954422223892e-03
7.636298261282242095e+01,2.847718280619603460e-03
7.796360130405237499e+01,2.825192453841699706e-03
7.959777002314977778e+01,2.815558341172222107e-03
8.126619200091946027e+01,2.806154988845545751e-03
8.296958520834914452e+01,2.795753792736198947e-03
8.470868266557401682e+01,2.773035697732465204e-03
8.648423275731727244e+01,2.764289921358458781e-03
8.829699955494082531e+01,2.755751842755738753e-03
9.014776314524917211e+01,2.733035737335267907e-03
9.203731996618230937e+01,2.724896000500341177e-03
9.396648314954690306e+01,2.715382594283392587e-03
9.593608287093147169e+01,2.692392031039917213e-03
9.794696670695385876e+01,2.684807695801122874e-03
1.000000000000000000e+02,2.661960381650853823e-03
1.020960662306047624e+02,2.654718080719737239e-03
1.042360673976401131e+02,2.629942748130058468e-03
1.064209244064724658e+02,2.606148922208969317e-03
1.086515774652537232e+02,2.599375761719247696e-03
1.109289864895222735e+02,2.574045840855502046e-03
1.132541315152812587e+02,2.549618949312947719e-03
1.156280131207375348e+02,2.543258235946374048e-03
1.180516528568805512e+02,2.517337351634704127e-03
1.205260936870841419e+02,2.493877798843200603e-03
1.230524004359261596e+02,2.468935110428013315e-03
1.256316602474121424e+02,2.460221013762506608e-03
1.282649830528060022e+02,2.434901194278688789e-03
1.309535020482667562e+02,2.411533769840036763e-03
1.336983741824945184e+02,2.385110422945770602e-03
1.365007806546013853e+02,2.359683268862881617e-03
1.393619274224143396e+02,2.333339951064941891e-03
1.422830457214352009e+02,2.307945854590329540e-03
1.452653925946781328e+02,2.282096979416355260e-03
1.483102514336102900e+02,2.260413320145773352e-03
1.514189325304351996e+02,2.218512549614674693e-03
1.545927736419478435e+02,2.200062312408676210e-03
1.578331405652116359e+02,2.176152032954241974e-03
1.611414277253019804e+02,2.163414558281427386e-03
1.645190587753660907e+02,2.147084253413469087e-03
1.679674872092653288e+02,2.127680319188412529e-03
1.714881969870540956e+02,2.109258670570127343e-03
1.750827031735723267e+02,2.099381586359048545e-03
1.787525525904235337e+02,2.093762425074393099e-03
1.824993244816150479e+02,2.088500336590358528e-03
1.863246311931559944e+02,2.077524580816158054e-03
1.902301188668945713e+02,2.071650072887884064e-03
1.942174681489024408e+02,2.065719594495168520e-03
1.982883949127071332e+02,2.053855736073848838e-03
2.024446509976801849e+02,2.047862833535903180e-03
2.066880249629082016e+02,2.035617359020090982e-03
2.110203428568596564e+02,2.023340348905499752e-03
2.154434690031882269e+02,2.022951743345128769e-03
2.199593068030074789e+02,2.010724387333320123e-03
2.245697995539771625e+02,1.998956509780516495e-03
2.292769312865648885e+02,2.601457248805358422e-05
2.340827276178294198e+02,1.699102026677575943e-05
2.389892566231047795e+02,8.702255456783213123e-06
2.439986297259550270e+02,8.702255456783213123e-06
2.491130026067785934e+02,0.000000000000000000e+00
2.543345761304648249e+02,0.000000000000000000e+00
2.596655972934872239e+02,0.000000000000000000e+00
2.651083601908536025e+02,0.000000000000000000e+00
2.706652070033241557e+02,0.000000000000000000e+00
2.763385290053172412e+02,0.000000000000000000e+00
2.821307675939470982e+02,0.000000000000000000e+00
2.880444153396297793e+02,0.000000000000000000e+00
2.940820170587060716e+02,0.000000000000000000e+00
3.002461709085549160e+02,0.000000000000000000e+00
3.065395295056529790e+02,0.000000000000000000e+00
3.129648010670750296e+02,0.000000000000000000e+00
3.195247505759213595e+02,0.000000000000000000e+00
3.262222009711666715e+02,0.000000000000000000e+00
3.330600343624588504e+02,0.000000000000000000e+00
3.400411932703709681e+02,0.000000000000000000e+00
3.471686818926559681e+02,0.000000000000000000e+00
3.544455673970435328e+02,0.000000000000000000e+00
3.618749812411276707e+02,0.000000000000000000e+00
3.694601205199302285e+02,0.000000000000000000e+00
3.772042493417001197e+02,0.000000000000000000e+00
3.851107002325568942e+02,0.000000000000000000e+00
3.931828755705770391e+02,0.000000000000000000e+00
4.014242490499318023e+02,0.000000000000000000e+00
4.098383671757261482e+02,0.000000000000000000e+00
4.184288507901584353e+02,0.000000000000000000e+00
4.271993966306776542e+02,0.000000000000000000e+00
4.361537789208005620e+02,0.000000000000000000e+00
4.452958509942650949e+02,0.000000000000000000e+00
4.546295469532399238e+02,0.000000000000000000e+00
4.641588833612781855e+02,0.000000000000000000e+00
4.738879609717650965e+02,0.000000000000000000e+00
4.838209664925957441e+02,0.000000000000000000e+00
4.939621743878315669e+02,0.000000000000000000e+00
5.043159487171358819e+02,0.000000000000000000e+00
5.148867450137497599e+02,0.000000000000000000e+00
5.256791122018419173e+02,0.000000000000000000e+00
5.366976945540476436e+02,0.000000000000000000e+00
5.479472336900281562e+02,0.000000000000000000e+00
5.594325706169377099e+02,0.000000000000000000e+00
5.711586478126434940e+02,0.000000000000000000e+00
5.831305113526218520e+02,0.000000000000000000e+00
5.953533130814370224e+02,0.000000000000000000e+00
6.078323128297223548e+02,0.000000000000000000e+00
6.205728806776500051e+02,0.000000000000000000e+00
6.335804992658254378e+02,0.000000000000000000e+00
6.468607661546320742e+02,0.000000000000000000e+00
6.604193962330305112e+02,0.000000000000000000e+00
6.742622241778335592e+02,0.000000000000000000e+00
6.883952069645496294e+02,0.000000000000000000e+00
7.028244264308352740e+02,0.000000000000000000e+00
7.175560918936921553e+02,0.000000000000000000e+00
7.325965428215230304e+02,0.000000000000000000e+00
7.479522515621813454e+02,0.000000000000000000e+00
7.636298261282241810e+02,0.000000000000000000e+00
7.796360130405237214e+02,0.000000000000000000e+00
7.959777002314978063e+02,0.000000000000000000e+00
8.126619200091945459e+02,0.000000000000000000e+00
8.296958520834898536e+02,0.000000000000000000e+00
8.470868266557401967e+02,0.000000000000000000e+00
8.648423275731726108e+02,0.000000000000000000e+00
8.829699955494082815e+02,0.000000000000000000e+00
9.014776314524917780e+02,0.000000000000000000e+00
9.203731996618230369e+02,0.000000000000000000e+00
9.396648314954691159e+02,0.000000000000000000e+00
9.593608287093146600e+02,0.000000000000000000e+00
9.794696670695385592e+02,0.000000000000000000e+00
1.000000000000000000e+03,0.000000000000000000e+00
1.020960662306047539e+03,0.000000000000000000e+00
1.042360673976403177e+03,0.000000000000000000e+00
1.064209244064722498e+03,0.000000000000000000e+00
1.086515774652537175e+03,0.000000000000000000e+00
1.109289864895222763e+03,0.000000000000000000e+00
1.132541315152812558e+03,0.000000000000000000e+00
1.156280131207377735e+03,0.000000000000000000e+00
1.180516528568803096e+03,0.000000000000000000e+00
1.205260936870841306e+03,0.000000000000000000e+00
1.230524004359261653e+03,0.000000000000000000e+00
1.256316602474121510e+03,0.000000000000000000e+00
1.282649830528062466e+03,0.000000000000000000e+00
1.309535020482665004e+03,0.000000000000000000e+00
1.336983741824945128e+03,0.000000000000000000e+00
1.365007806546013853e+03,0.000000000000000000e+00
1.393619274224143510e+03,0.000000000000000000e+00
1.422830457214354738e+03,0.000000000000000000e+00
1.452653925946778145e+03,0.000000000000000000e+00
1.483102514336102786e+03,0.000000000000000000e+00
1.514189325304351996e+03,0.000000000000000000e+00
1.545927736419478606e+03,0.000000000000000000e+00
1.578331405652119656e+03,0.000000000000000000e+00
1.611414277253016508e+03,0.000000000000000000e+00
1.645190587753660793e+03,0.000000000000000000e+00
1.679674872092653231e+03,0.000000000000000000e+00
1.714881969870540843e+03,0.000000000000000000e+00
1.750827031735726905e+03,0.000000000000000000e+00
1.787525525904231699e+03,0.000000000000000000e+00
1.824993244816150536e+03,0.000000000000000000e+00
1.863246311931559831e+03,0.000000000000000000e+00
1.902301188668945770e+03,0.000000000000000000e+00
1.942174681489028444e+03,0.000000000000000000e+00
1.982883949127067353e+03,0.000000000000000000e+00
2.024446509976801735e+03,0.000000000000000000e+00
2.066880249629081845e+03,0.000000000000000000e+00
2.110203428568596337e+03,0.000000000000000000e+00
2.154434690031886475e+03,0.000000000000000000e+00
2.199593068030070299e+03,0.000000000000000000e+00
2.245697995539771910e+03,0.000000000000000000e+00
2.292769312865648772e+03,0.000000000000000000e+00
2.340827276178294142e+03,0.000000000000000000e+00
2.389892566231052569e+03,0.000000000000000000e+00
2.439986297259545154e+03,0.000000000000000000e+00
2.491130026067785820e+03,0.000000000000000000e+00
2.543345761304648022e+03,0.000000000000000000e+00
2.596655972934872352e+03,0.000000000000000000e+00
2.651083601908541823e+03,0.000000000000000000e+00
2.706652070033235759e+03,0.000000000000000000e+00
2.763385290053166955e+03,0.000000000000000000e+00
2.821307675939470755e+03,0.000000000000000000e+00
2.880444153396297679e+03,0.000000000000000000e+00
2.940820170587066514e+03,0.000000000000000000e+00
3.002461709085543134e+03,0.000000000000000000e+00
3.065395295056523537e+03,0.000000000000000000e+00
3.129648010670750409e+03,0.000000000000000000e+00
3.195247505759213709e+03,0.000000000000000000e+00
3.262222009711673309e+03,0.000000000000000000e+00
3.330600343624581910e+03,0.000000000000000000e+00
3.400411932703702405e+03,0.000000000000000000e+00
3.471686818926559681e+03,0.000000000000000000e+00
3.544455673970435782e+03,0.000000000000000000e+00
3.618749812411283983e+03,0.000000000000000000e+00
3.694601205199294782e+03,0.000000000000000000e+00
3.772042493416993693e+03,0.000000000000000000e+00
3.851107002325568828e+03,0.000000000000000000e+00
3.931828755705770163e+03,0.000000000000000000e+00
4.014242490499325868e+03,0.000000000000000000e+00
4.098383671757253069e+03,0.000000000000000000e+00
4.184288507901575940e+03,0.000000000000000000e+00
4.271993966306776201e+03,0.000000000000000000e+00
4.361537789208005961e+03,0.000000000000000000e+00
4.452958509942660385e+03,0.000000000000000000e+00
4.546295469532390598e+03,0.000000000000000000e+00
4.641588833612772760e+03,0.000000000000000000e+00
4.738879609717650965e+03,0.000000000000000000e+00
4.838209664925957441e+03,0.000000000000000000e+00
4.939621743878326015e+03,0.000000000000000000e+00
5.043159487171348701e+03,0.000000000000000000e+00
5.148867450137487140e+03,0.000000000000000000e+00
5.256791122018418719e+03,0.000000000000000000e+00
5.366976945540475754e+03,0.000000000000000000e+00
5.479472336900292248e+03,0.000000000000000000e+00
5.594325706169389377e+03,0.000000000000000000e+00
5.711586478126423572e+03,0.000000000000000000e+00
5.831305113526218520e+03,0.000000000000000000e+00
5.953533130814370452e+03,0.000000000000000000e+00
6.078323128297236508e+03,0.000000000000000000e+00
6.205728806776513011e+03,0.000000000000000000e+00
6.335804992658241645e+03,0.000000000000000000e+00
6.468607661546320742e+03,0.000000000000000000e+00
6.604193962330305112e+03,0.000000000000000000e+00
6.742622241778349235e+03,0.000000000000000000e+00
6.883952069645510164e+03,0.000000000000000000e+00
7.028244264308338643e+03,0.000000000000000000e+00
7.175560918936920643e+03,0.000000000000000000e+00
7.325965428215230531e+03,0.000000000000000000e+00
7.479522515621828461e+03,0.000000000000000000e+00
7.636298261282257045e+03,0.000000000000000000e+00
7.796360130405220843e+03,0.000000000000000000e+00
7.959777002314977835e+03,0.000000000000000000e+00
8.126619200091945459e+03,0.000000000000000000e+00
8.296958520834914452e+03,0.000000000000000000e+00
8.470868266557419702e+03,0.000000000000000000e+00
8.648423275731709509e+03,0.000000000000000000e+00
8.829699955494083042e+03,0.000000000000000000e+00
9.014776314524917325e+03,0.000000000000000000e+00
9.203731996618229459e+03,0.000000000000000000e+00
9.396648314954709349e+03,0.000000000000000000e+00
9.593608287093127728e+03,0.000000000000000000e+00
9.794696670695386274e+03,0.000000000000000000e+00
1.000000000000000000e+04,0.000000000000000000e+00
