1.000000000000000082e-05,7.743241947229018479e+03
1.020960662306047607e-05,7.474030758262484596e+03
1.042360673976401146e-05,7.323603241846367382e+03
1.064209244064724650e-05,7.126694611092989362e+03
1.086515774652537261e-05,6.942416049729225051e+03
1.109289864895222712e-05,6.740035922052315073e+03
1.132541315152812671e-05,6.739426252072944408e+03
1.156280131207375302e-05,6.519847845576456166e+03
1.180516528568805612e-05,6.480728513922189450e+03
1.205260936870841401e-05,6.117422041102791809e+03
1.230524004359261647e-05,6.052426517479952054e+03
1.256316602474121465e-05,5.709039334439248705e+03
1.282649830528059917e-05,5.703544654654652732e+03
1.309535020482667643e-05,5.657859958804784583e+03
1.336983741824945150e-05,5.514799282350682915e+03
1.365007806546013744e-05,5.473873918657043760e+03
1.393619274224143468e-05,5.300880142116761817e+03
1.422830457214351858e-05,5.332072105638071662e+03
1.452653925946781202e-05,5.144000429542948041e+03
1.483102514336102853e-05,4.942895552730476993e+03
1.514189325304351951e-05,4.993329155018867823e+03
1.545927736419478539e-05,4.799960290150909714e+03
1.578331405652116359e-05,4.728677786615511650e+03
1.611414277253019959e-05,4.648314567751320283e+03
1.645190587753660725e-05,4.618275223308166460e+03
1.679674872092653225e-05,4.396182990725529635e+03
1.714881969870540916e-05,4.279604999955604399e+03
1.750827031735723228e-05,4.276371028327013846e+03
1.787525525904235524e-05,4.116367014089504664e+03
1.824993244816150412e-05,4.143625450828270914e+03
1.863246311931559903e-05,3.972710893473968099e+03
1.902301188668945850e-05,3.976171439055574865e+03
1.942174681489024571e-05,3.863483541534581491e+03
1.982883949127071257e-05,3.739131716917865560e+03
2.024446509976801623e-05,3.694480135897098080e+03
2.066880249629082024e-05,3.631512890090838482e+03
2.110203428568596656e-05,3.565050239907423020e+03
2.154434690031882321e-05,3.450182127158964249e+03
2.199593068030074845e-05,3.398219787767577145e+03
2.245697995539776298e-05,3.305044286420042226e+03
2.292769312865648647e-05,3.257552348761681969e+03
2.340827276178294449e-05,3.171056082835916641e+03
2.389892566231047836e-05,3.134069906612963678e+03
2.439986297259550131e-05,3.062347922457183813e+03
2.491130026067790961e-05,2.994889107810124642e+03
2.543345761304648090e-05,2.919028743217345436e+03
2.596655972934872479e-05,2.857053564958219795e+03
2.651083601908536211e-05,2.803136476845407287e+03
2.706652070033241139e-05,2.764029834310368642e+03
2.763385290053172626e-05,2.696682384379618725e+03
2.821307675939470740e-05,2.650479791591307730e+03
2.880444153396297702e-05,2.574130842115991072e+03
2.940820170587060722e-05,2.528404620130385865e+03
3.002461709085549186e-05,2.467025432197474402e+03
3.065395295056530018e-05,2.434340234264299397e+03
3.129648010670750265e-05,2.384395167857640445e+03
3.195247505759213607e-05,2.324074483837862317e+03
3.262222009711666644e-05,2.279088698287764601e+03
3.330600343624588548e-05,2.241064567720002287e+03
3.400411932703709724e-05,2.195532088298980398e+03
3.471686818926559409e-05,2.138770232238648077e+03
3.544455673970435463e-05,2.102919206246103840e+03
3.618749812411276967e-05,2.061178732429920728e+03
3.694601205199302477e-05,2.015370029738696985e+03
3.772042493417001620e-05,1.972948021095867034e+03
3.851107002325568519e-05,1.936991042461883808e+03
3.931828755705769966e-05,1.898873548113706875e+03
4.014242490499317844e-05,1.854937545251813617e+03
4.098383671757261184e-05,1.814779901231560416e+03
4.184288507901584570e-05,1.776649363246931443e+03
4.271993966306776293e-05,1.746677080319496781e+03
4.361537789208005635e-05,1.708469544515661937e+03
4.452958509942659792e-05,1.670334556572921883e+03
4.546295469532399562e-05,1.637104178374047024e+03
4.641588833612781789e-05,1.606492089073914485e+03
4.738879609717651056e-05,1.568891646197657565e+03
4.838209664925957121e-05,1.537082883393383781e+03
4.939621743878325959e-05,1.509087562211085014e+03
5.043159487171358695e-05,1.478306746805904822e+03
5.148867450137497919e-05,1.448799319651014002e+03
5.256791122018419400e-05,1.414575934145394058e+03
5.366976945540475778e-05,1.385407550328972093e+03
5.479472336900292591e-05,1.358278859586833278e+03
5.594325706169377268e-05,1.330128305383557517e+03
5.711586478126435033e-05,1.303553397876904455e+03
5.831305113526218489e-05,1.276793877180253730e+03
5.953533130814369864e-05,1.252132081969924002e+03
6.078323128297236501e-05,1.226410211851720078e+03
6.205728806776500081e-05,1.198105416982675024e+03
6.335804992658254750e-05,1.176271068508000326e+03
6.468607661546321112e-05,1.152206926044036436e+03
6.604193962330304700e-05,1.128283791328469761e+03
6.742622241778349222e-05,1.102939185883205482e+03
6.883952069645495682e-05,1.081871728790094494e+03
7.028244264308352554e-05,1.058146330700704993e+03
7.175560918936921718e-05,1.037018801639008416e+03
7.325965428215229914e-05,1.015168875672988634e+03
7.479522515621828658e-05,9.960930278886020233e+02
7.636298261282241959e-05,9.741364175303776847e+02
7.796360130405236585e-05,9.550223685199538295e+02
7.959777002314977982e-05,9.353431964640161596e+02
8.126619200091945365e-05,9.162384985025018977e+02
8.296958520834915780e-05,8.965290836090646280e+02
8.470868266557402936e-05,8.787068325169996115e+02
8.648423275731726594e-05,8.610378930529604986e+02
8.829699955494083421e-05,8.433932400714851383e+02
9.014776314524917239e-05,8.254573108148381380e+02
9.203731996618230639e-05,8.090361849018167959e+02
9.396648314954690162e-05,7.918360988139650090e+02
9.593608287093146887e-05,7.758369596148571645e+02
9.794696670695385331e-05,7.595803589339950577e+02
1.000000000000000048e-04,7.440596373975918141e+02
1.020960662306046523e-04,7.289806764264912999e+02
1.042360673976401179e-04,7.140446497788695979e+02
1.064209244064724582e-04,6.997126350444295895e+02
1.086515774652538379e-04,6.847940729480030768e+02
1.109289864895222780e-04,6.710893699709076827e+02
1.132541315152811519e-04,6.571775788787833790e+02
1.156280131207375404e-04,6.434947176012676664e+02
1.180516528568805612e-04,6.305350290472043753e+02
1.205260936870842587e-04,6.175341433210342075e+02
1.230524004359261579e-04,6.049309427850362226e+02
1.256316602474121533e-04,5.925993377133438571e+02
1.282649830528059917e-04,5.803685329062377605e+02
1.309535020482667609e-04,5.683327129573152661e+02
1.336983741824946607e-04,5.567601117692940988e+02
1.365007806546013845e-04,5.452816438491556710e+02
1.393619274224143468e-04,5.341729978684081743e+02
1.422830457214352027e-04,5.230152293276041746e+02
1.452653925946781202e-04,5.122887111305861936e+02
1.483102514336104446e-04,5.019223748283718578e+02
1.514189325304352018e-04,4.915368180816346921e+02
1.545927736419478403e-04,4.814465314522838639e+02
1.578331405652116427e-04,4.716235825159526485e+02
1.611414277253019891e-04,4.618590722063510157e+02
1.645190587753662351e-04,4.524453670127819009e+02
1.679674872092653225e-04,4.431249973503925617e+02
1.714881969870540781e-04,4.340079888988029211e+02
1.750827031735723363e-04,4.250377788591307535e+02
1.787525525904235457e-04,4.163044848452588553e+02
1.824993244816152445e-04,4.078285771456659177e+02
1.863246311931559835e-04,3.994697276770912708e+02
1.902301188668945714e-04,3.911828229013519831e+02
1.942174681489024571e-04,3.831815910302774455e+02
1.982883949127071325e-04,3.753577223390166182e+02
2.024446509976803791e-04,3.676169287640248058e+02
2.066880249629082160e-04,3.601009620482841456e+02
2.110203428568596521e-04,3.527196575685844095e+02
2.154434690031882321e-04,3.454804225703899192e+02
2.199593068030074913e-04,3.383521215948790655e+02
2.245697995539773994e-04,3.314276235335173055e+02
2.292769312865648647e-04,3.246209105927481460e+02
2.340827276178294449e-04,3.179436050481210714e+02
2.389892566231047904e-04,3.114329420128319725e+02
2.439986297259550199e-04,3.050066934897019451e+02
2.491130026067788590e-04,2.987565377477777702e+02
2.543345761304648361e-04,2.926169782340264192e+02
2.596655972934872546e-04,2.866234419330924084e+02
2.651083601908536076e-04,2.807370515224561132e+02
2.706652070033241072e-04,2.749707941404080884e+02
2.763385290053169780e-04,2.693282852484192631e+02
2.821307675939470740e-04,2.637751254428418406e+02
2.880444153396297634e-04,2.583897860187009314e+02
2.940820170587060450e-04,2.530683266700871741e+02
3.002461709085549389e-04,2.478821086490420953e+02
3.065395295056526901e-04,2.427943868504244165e+02
3.129648010670750265e-04,2.377926125879615711e+02
3.195247505759213607e-04,2.329198302711040185e+02
3.262222009711669896e-04,2.281309310359848439e+02
3.330600343624588820e-04,2.234492114623522525e+02
3.400411932703705929e-04,2.188726010718932571e+02
3.471686818926559680e-04,2.143774730721479784e+02
3.544455673970435734e-04,2.099696091441876717e+02
3.618749812411280490e-04,2.056526867368965270e+02
3.694601205199302477e-04,2.014412506813258688e+02
3.772042493416997554e-04,1.973006229710413209e+02
3.851107002325568655e-04,1.932504923588956274e+02
3.931828755705770373e-04,1.892776528380337595e+02
4.014242490499322046e-04,1.853998770392292101e+02
4.098383671757261184e-04,1.815921099887557659e+02
4.184288507901584705e-04,1.778620461485433566e+02
4.271993966306776428e-04,1.742112506617064014e+02
4.361537789208005771e-04,1.706297822825955564e+02
4.452958509942655184e-04,1.671295887924060537e+02
4.546295469532399291e-04,1.636939658548946568e+02
4.641588833612782196e-04,1.603376438577492991e+02
4.738879609717650920e-04,1.570468271471905268e+02
4.838209664925957392e-04,1.538240250905666642e+02
4.939621743878321080e-04,1.506634801910964825e+02
5.043159487171358559e-04,1.475671876770151414e+02
5.148867450137497919e-04,1.445404197495297751e+02
5.256791122018419265e-04,1.415704182391217500e+02
5.366976945540475642e-04,1.386633450728084256e+02
5.479472336900287170e-04,1.358188281412142828e+02
5.594325706169377133e-04,1.330309593623839532e+02
5.711586478126434762e-04,1.302974851440941677e+02
5.831305113526218760e-04,1.276252804617510037e+02
5.953533130814370406e-04,1.250026474711339972e+02
6.078323128297229453e-04,1.224390130060809270e+02
6.205728806776500623e-04,1.199220736049292526e+02
6.335804992658254208e-04,1.174606324292208228e+02
6.468607661546321112e-04,1.150511108469904116e+02
6.604193962330305243e-04,1.126889272409030411e+02
6.742622241778341904e-04,1.103741674999991318e+02
6.883952069645496224e-04,1.081076365745689145e+02
7.028244264308353096e-04,1.058879154775365521e+02
7.175560918936921447e-04,1.037153119690900098e+02
7.325965428215230456e-04,1.015860328631550829e+02
7.479522515621820798e-04,9.949917238614276016e+01
7.636298261282241416e-04,9.745747055978770845e+01
7.796360130405237399e-04,9.545658199348916639e+01
7.959777002314977982e-04,9.349649064127261511e+01
8.126619200091945907e-04,9.157759342619372944e+01
8.296958520834906564e-04,8.969646389760980298e+01
8.470868266557402123e-04,8.785562536008542622e+01
8.648423275731726865e-04,8.605146228008236164e+01
8.829699955494082608e-04,8.428515329612680773e+01
9.014776314524917782e-04,8.255413229035276856e+01
9.203731996618220610e-04,8.085992545278988075e+01
9.396648314954690433e-04,7.919982258056708702e+01
9.593608287093146345e-04,7.757385718354130688e+01
9.794696670695395360e-04,7.598083464749312554e+01
1.000000000000000021e-03,7.442105277321314816e+01
1.020960662306046604e-03,7.289302702921310129e+01
1.042360673976401152e-03,7.139654349182100646e+01
1.064209244064724582e-03,6.993075057343753542e+01
1.086515774652538433e-03,6.849510831501471841e+01
1.109289864895222780e-03,6.708877019799338370e+01
1.132541315152811546e-03,6.571103221591235410e+01
1.156280131207375458e-03,6.436209975340896960e+01
1.180516528568805639e-03,6.304092625711724907e+01
1.205260936870842505e-03,6.174647185178824316e+01
1.230524004359261634e-03,6.047881382626133018e+01
1.256316602474120232e-03,5.923694439662001798e+01
1.282649830528059809e-03,5.802074757624873769e+01
1.309535020482667771e-03,5.682974523939966360e+01
1.336983741824946661e-03,5.566279627289927134e+01
1.365007806546013683e-03,5.452026896956285640e+01
1.393619274224142113e-03,5.340072494834070937e+01
1.422830457214352027e-03,5.230443502514395959e+01
1.452653925946781202e-03,5.123066317907545653e+01
1.483102514336104337e-03,5.017887465031117955e+01
1.514189325304352018e-03,4.914865588226888349e+01
1.545927736419476940e-03,4.813946371571011440e+01
1.578331405652118108e-03,4.715107802995683528e+01
1.611414277253019837e-03,4.618317242041791104e+01
1.645190587753662514e-03,4.523488542470887097e+01
1.679674872092653225e-03,4.430622398830792008e+01
1.714881969870539046e-03,4.339654813191737048e+01
1.750827031735725098e-03,4.250566605030609679e+01
1.787525525904235402e-03,4.163294077629721812e+01
1.824993244816152391e-03,4.077816906615912984e+01
1.863246311931559835e-03,3.994095550742647305e+01
1.902301188668943871e-03,3.912097446213219598e+01
1.942174681489026522e-03,3.831778284516774136e+01
1.982883949127071596e-03,3.753104902433671697e+01
2.024446509976803900e-03,3.676044999192684770e+01
2.066880249629082268e-03,3.600576366736287071e+01
2.110203428568594407e-03,3.526656006892471140e+01
2.154434690031884272e-03,3.454251166847592458e+01
2.199593068030074750e-03,3.383330555010398655e+01
2.245697995539773940e-03,3.313866832412593766e+01
2.292769312865648810e-03,3.245829269489783542e+01
2.340827276178291793e-03,3.179190109529677599e+01
2.389892566231050126e-03,3.113916074582530769e+01
2.439986297259550199e-03,3.049985265349217656e+01
2.491130026067788373e-03,2.987363419300195488e+01
2.543345761304648036e-03,2.926030649933333905e+01
2.596655972934869619e-03,2.865954997822331407e+01
2.651083601908538895e-03,2.807114852284477635e+01
2.706652070033241288e-03,2.749478993292527207e+01
2.763385290053169997e-03,2.693031169627759525e+01
2.821307675939470957e-03,2.637738439554922110e+01
2.880444153396298067e-03,2.583583932406107309e+01
2.940820170587063812e-03,2.530538841717611120e+01
3.002461709085549064e-03,2.478585568801569394e+01
3.065395295056526793e-03,2.427695288914431160e+01
3.129648010670750373e-03,2.377853367277857188e+01
3.195247505759213607e-03,2.329031971227873399e+01
3.262222009711669788e-03,2.281213807842629038e+01
3.330600343624588386e-03,2.234376170842831755e+01
3.400411932703706255e-03,2.188503116032121554e+01
3.471686818926559247e-03,2.143568816685170475e+01
3.544455673970435625e-03,2.099558452318406765e+01
3.618749812411280273e-03,2.056451691022317263e+01
3.694601205199302477e-03,2.014230076575643125e+01
3.772042493416997554e-03,1.972874750155758505e+01
3.851107002325568872e-03,1.932369385500939529e+01
3.931828755705770589e-03,1.892694855982280799e+01
4.014242490499322046e-03,1.853834598952759194e+01
4.098383671757261509e-03,1.815772923026724683e+01
4.184288507901580585e-03,1.778492064864246203e+01
4.271993966306776754e-03,1.741976851131661874e+01
4.361537789208005771e-03,1.706210792290971057e+01
4.452958509942655727e-03,1.671179901133026036e+01
4.546295469532399616e-03,1.636867278515606472e+01
4.641588833612777208e-03,1.603260016362360929e+01
4.738879609717651029e-03,1.570341795962944964e+01
4.838209664925957609e-03,1.538100406008661380e+01
4.939621743878320863e-03,1.506520057202989804e+01
5.043159487171358993e-03,1.475588383860949726e+01
5.148867450137492065e-03,1.445292109849942364e+01
5.256791122018424252e-03,1.415617555576723419e+01
5.366976945540476510e-03,1.386551743041896856e+01
5.479472336900287170e-03,1.358083424604978262e+01
5.594325706169377133e-03,1.330199097466453750e+01
5.711586478126429341e-03,1.302887439836049666e+01
5.831305113526225048e-03,1.276136366951957513e+01
5.953533130814370189e-03,1.249934401336383871e+01
6.078323128297229670e-03,1.224270848484974117e+01
6.205728806776500406e-03,1.199133958833951219e+01
6.335804992658247703e-03,1.174512978587729428e+01
6.468607661546327617e-03,1.150397570511780643e+01
6.604193962330305243e-03,1.126777145414735770e+01
6.742622241778342337e-03,1.103641914395385371e+01
6.883952069645496441e-03,1.080981288545806507e+01
7.028244264308345507e-03,1.058786333261293677e+01
7.175560918936928385e-03,1.037046721161166651e+01
7.325965428215230023e-03,1.015753521876395027e+01
7.479522515621821015e-03,9.948976618783907711e+00
7.636298261282242067e-03,9.744695875659825646e+00
7.796360130405228725e-03,9.544611843038314447e+00
7.959777002314986222e-03,9.348634824554352463e+00
8.126619200091946341e-03,9.156681467044537115e+00
8.296958520834906564e-03,8.968669375794418031e+00
8.470868266557402340e-03,8.784517074738181108e+00
8.648423275731717541e-03,8.604145271761346692e+00
8.829699955494091715e-03,8.427476878661749993e+00
9.014776314524916914e-03,8.254434871740425450e+00
9.203731996618221695e-03,8.084946538828571505e+00
9.396648314954691300e-03,7.918936255122514645e+00
9.593608287093146128e-03,7.756335916194661451e+00
9.794696670695395360e-03,7.597073006921293725e+00
1.000000000000000021e-02,7.441079257934140045e+00
1.020960662306046561e-02,7.288289144894587679e+00
1.042360673976401239e-02,7.138635113001159382e+00
1.064209244064724669e-02,6.992053906280499831e+00
1.086515774652538346e-02,6.848482138266939856e+00
1.109289864895222737e-02,6.707857446667333079e+00
1.132541315152811416e-02,6.570120340618654353e+00
1.156280131207375328e-02,6.435210553083032359e+00
1.180516528568805595e-02,6.303071138353182334e+00
1.205260936870842549e-02,6.173644392707501538e+00
1.230524004359261590e-02,6.046874441161016023e+00
1.256316602474120102e-02,5.922707498587712394e+00
1.282649830528059809e-02,5.801089287269577177e+00
1.309535020482667685e-02,5.681968677264480405e+00
1.336983741824946531e-02,5.565293263105112409e+00
1.365007806546013856e-02,5.451012880676471717e+00
1.393619274224142113e-02,5.339079429576297997e+00
1.422830457214351897e-02,5.229443171890786779e+00
1.452653925946781159e-02,5.122058763047091290e+00
1.483102514336104467e-02,5.016878136499232532e+00
1.514189325304352018e-02,4.913857265847193290e+00
1.545927736419477026e-02,4.812951760116170874e+00
1.578331405652116590e-02,4.714117169943518704e+00
1.611414277253019750e-02,4.617312365580228395e+00
1.645190587753662601e-02,4.522494474820373256e+00
1.679674872092653051e-02,4.429623412372144742e+00
1.714881969870539133e-02,4.338659291646608906e+00
1.750827031735725098e-02,4.249562073956575148e+00
1.787525525904235316e-02,4.162294791107814085e+00
1.824993244816152521e-02,4.076818538814361403e+00
1.863246311931559748e-02,3.993097336743011816e+00
1.902301188668944001e-02,3.911095229280279639e+00
1.942174681489026306e-02,3.830776162698358078e+00
1.982883949127071249e-02,3.752106534853108855e+00
2.024446509976803726e-02,3.675051794203684441e+00
2.066880249629082095e-02,3.599578936830390763e+00
2.110203428568594233e-02,3.525655891585205648e+00
2.154434690031884619e-02,3.453250053572853417e+00
2.199593068030074663e-02,3.382331155412737544e+00
2.245697995539773853e-02,3.312867934278561854e+00
2.292769312865648723e-02,3.244830911221167735e+00
2.340827276178291880e-02,3.178190901518522349e+00
2.389892566231050300e-02,3.112918668912634690e+00
2.439986297259550199e-02,3.048986932057487387e+00
2.491130026067788633e-02,2.986367405774269734e+00
2.543345761304648123e-02,2.925033513196066970e+00
2.596655972934869619e-02,2.864959039219880488e+00
2.651083601908538895e-02,2.806117600318937200e+00
2.706652070033241375e-02,2.748484542467436675e+00
2.763385290053169824e-02,2.692034407802128548e+00
2.821307675939470697e-02,2.636743346718632086e+00
2.880444153396297807e-02,2.582587535610796348e+00
2.940820170587063812e-02,2.529543266135897639e+00
3.002461709085549324e-02,2.477588364536669197e+00
3.065395295056526706e-02,2.426699863768061238e+00
3.129648010670750546e-02,2.376856208540890414e+00
3.195247505759213347e-02,2.328035924253565092e+00
3.262222009711669701e-02,2.280217738721493248e+00
3.330600343624588733e-02,2.233381552120660807e+00
3.400411932703706341e-02,2.187506680623072519e+00
3.471686818926559420e-02,2.142573771348058820e+00
3.544455673970435539e-02,2.098563388650379391e+00
3.618749812411280187e-02,2.055456345785718675e+00
3.694601205199302130e-02,2.013234583380629772e+00
3.772042493416997294e-02,1.971879419566377578e+00
3.851107002325569045e-02,1.931373420858545353e+00
3.931828755705769896e-02,1.891699017891014467e+00
4.014242490499322219e-02,1.852839008018269507e+00
4.098383671757261509e-02,1.814777044767428293e+00
4.184288507901580412e-02,1.777496280257057970e+00
4.271993966306776580e-02,1.740981033770588438e+00
4.361537789208005944e-02,1.705215448145816159e+00
4.452958509942655380e-02,1.670184021809839603e+00
4.546295469532399269e-02,1.635872014050780754e+00
4.641588833612777382e-02,1.602264243694062618e+00
4.738879609717651376e-02,1.569346578434190231e+00
4.838209664925956915e-02,1.537104696590660513e+00
4.939621743878321036e-02,1.505524663103199323e+00
5.043159487171358646e-02,1.474593159968495382e+00
5.148867450137492585e-02,1.444296494789640173e+00
5.256791122018424772e-02,1.414621971193021022e+00
5.366976945540476163e-02,1.385556639426465342e+00
5.479472336900287344e-02,1.357087947643959014e+00
5.594325706169377826e-02,1.329203896608284197e+00
5.711586478126429167e-02,1.301892133480089697e+00
5.831305113526224354e-02,1.275141222935316510e+00
5.953533130814370189e-02,1.248939475117100129e+00
6.078323128297229844e-02,1.223275593548634133e+00
6.205728806776500406e-02,1.198138752163639076e+00
6.335804992658247703e-02,1.173517809314341243e+00
6.468607661546327270e-02,1.149402475778801058e+00
6.604193962330305590e-02,1.125782186726108414e+00
6.742622241778342684e-02,1.102646776993826627e+00
6.883952069645496441e-02,1.079986485163639376e+00
7.028244264308344813e-02,1.057791258803575385e+00
7.175560918936928212e-02,1.036051835514133934e+00
7.325965428215229502e-02,1.014758674053984233e+00
7.479522515621821188e-02,9.939026294923631877e-01
7.636298261282241373e-02,9.734748878513128645e-01
7.796360130405229072e-02,9.534663937674177081e-01
7.959777002314985528e-02,9.338687988032046139e-01
8.126619200091945994e-02,9.146734930103288530e-01
8.296958520834907258e-02,8.958722453399339258e-01
8.470868266557401993e-02,8.774570984841236765e-01
8.648423275731717541e-02,8.594198952628842036e-01
8.829699955494091368e-02,8.417531122162592583e-01
9.014776314524917955e-02,8.244489770538813156e-01
9.203731996618221001e-02,8.075000843347366342e-01
9.396648314954690606e-02,7.908992479727274816e-01
9.593608287093147169e-02,7.746391174222626574e-01
9.794696670695395013e-02,7.587129195109698632e-01
1.000000000000000056e-01,7.431136334853425396e-01
1.020960662306047567e-01,7.278345976234050774e-01
1.042360673976401170e-01,7.128693217283588179e-01
1.064209244064724669e-01,6.982111871538441150e-01
1.086515774652537236e-01,6.838540856789326883e-01
1.109289864895222771e-01,6.697916847294730358e-01
1.132541315152812700e-01,6.560179874205444017e-01
1.156280131207375328e-01,6.425271342665017649e-01
1.180516528568805595e-01,6.293131647419399899e-01
1.205260936870841404e-01,6.163705685242517607e-01
1.230524004359261625e-01,6.036936365185268105e-01
1.256316602474121524e-01,5.912769710845915405e-01
1.282649830528059809e-01,5.791152759569138109e-01
1.309535020482667789e-01,5.672031900815631689e-01
1.336983741824945282e-01,5.555357402498262154e-01
1.365007806546013891e-01,5.441077785699639513e-01
1.393619274224143501e-01,5.329144483960537304e-01
1.422830457214351862e-01,5.219509604132951397e-01
1.452653925946781333e-01,5.112124944667244542e-01
1.483102514336102906e-01,5.006945613453703814e-01
1.514189325304352018e-01,4.903925199709335825e-01
1.545927736419478449e-01,4.803019998437471627e-01
1.578331405652116382e-01,4.704186706582969002e-01
1.611414277253019889e-01,4.607381977579376175e-01
1.645190587753660727e-01,4.512565299603662483e-01
1.679674872092653259e-01,4.419694832093584158e-01
1.714881969870540868e-01,4.328731212327615596e-01
1.750827031735723294e-01,4.239635326593776399e-01
1.787525525904235524e-01,4.152368185439820891e-01
1.824993244816150439e-01,4.066893221002512160e-01
1.863246311931559818e-01,3.983172717948828545e-01
1.902301188668945875e-01,3.901171224829020345e-01
1.942174681489024501e-01,3.820853410743585421e-01
1.982883949127071388e-01,3.742184203769411410e-01
2.024446509976801645e-01,3.665130611690327056e-01
2.066880249629081956e-01,3.589658606049540568e-01
2.110203428568596662e-01,3.515736284758453900e-01
2.154434690031882260e-01,3.443331723358752372e-01
2.199593068030074872e-01,3.372413379093930352e-01
2.245697995539771563e-01,3.302951483065894589e-01
2.292769312865648723e-01,3.234915331759067314e-01
2.340827276178294447e-01,3.168276219542643934e-01
2.389892566231047732e-01,3.103005303727131015e-01
2.439986297259550130e-01,3.039074208061690041e-01
2.491130026067790992e-01,2.976456068891036866e-01
2.543345761304648400e-01,2.915123194721286337e-01
2.596655972934872603e-01,2.855049752267678209e-01
2.651083601908535980e-01,2.796209681119711798e-01
2.706652070033241375e-01,2.738577454164818903e-01
2.763385290053172461e-01,2.682128829423860439e-01
2.821307675939470627e-01,2.626838832601084417e-01
2.880444153396297668e-01,2.572684215306625388e-01
2.940820170587060689e-01,2.519641431402865894e-01
3.002461709085549324e-01,2.467687515675187626e-01
3.065395295056529967e-01,2.416800593905547301e-01
3.129648010670750269e-01,2.366958141304089103e-01
3.195247505759213347e-01,2.318139235295368084e-01
3.262222009711666648e-01,2.270322603243956350e-01
3.330600343624588455e-01,2.223487582970895826e-01
3.400411932703709672e-01,2.177614437666900438e-01
3.471686818926559281e-01,2.132682852534617535e-01
3.544455673970435816e-01,2.088673996309988179e-01
3.618749812411276578e-01,2.045568652760677564e-01
3.694601205199302685e-01,2.003348229282710946e-01
3.772042493417001596e-01,1.961994919893298439e-01
3.851107002325568907e-01,1.921490401744831711e-01
3.931828755705770173e-01,1.881817726865163409e-01
4.014242490499317917e-01,1.842959536363757145e-01
4.098383671757261371e-01,1.804899099520692607e-01
4.184288507901584575e-01,1.767620352049263655e-01
4.271993966306776858e-01,1.731106768932534901e-01
4.361537789208005944e-01,1.695343096391206117e-01
4.452958509942651077e-01,1.660313653726074312e-01
4.546295469532399269e-01,1.626003385549941449e-01
4.641588833612781961e-01,1.592397799163949579e-01
4.738879609717651098e-01,1.559481992998659194e-01
4.838209664925957054e-01,1.527242231880463486e-01
4.939621743878315763e-01,1.495664358048887088e-01
5.043159487171359201e-01,1.464734822570852857e-01
5.148867450137497581e-01,1.434440543725024886e-01
5.256791122018419360e-01,1.404768093634768678e-01
5.366976945540475885e-01,1.375705098295480766e-01
5.479472336900281793e-01,1.347238777665676346e-01
5.594325706169377410e-01,1.319356938574259563e-01
5.711586478126434718e-01,1.292047770155327346e-01
5.831305113526218387e-01,1.265299175992166125e-01
5.953533130814370189e-01,1.239100007004053927e-01
6.078323128297223876e-01,1.213438726831774228e-01
6.205728806776500406e-01,1.188304362913363832e-01
6.335804992658253809e-01,1.163686250684660139e-01
6.468607661546320609e-01,1.139573494594732783e-01
6.604193962330304757e-01,1.115956048058479172e-01
6.742622241778335468e-01,1.092823497989798553e-01
6.883952069645495886e-01,1.070165970670402811e-01
7.028244264308353140e-01,1.047973835761303041e-01
7.175560918936920718e-01,1.026237282363096220e-01
7.325965428215229780e-01,1.004947250285859184e-01
7.479522515621829237e-01,9.840943473588062429e-02
7.636298261282241651e-01,9.636696869807770405e-02
7.796360130405236566e-01,9.436645710145125099e-02
7.959777002314977201e-01,9.240701681757365615e-02
8.126619200091945716e-01,9.048783038243388144e-02
8.296958520834915030e-01,8.860805101462938815e-02
8.470868266557401993e-01,8.676687906063612621e-02
8.648423275731726978e-01,8.496352806668254487e-02
8.829699955494082486e-01,8.319720393912474754e-02
9.014776314524917122e-01,8.146716883586656299e-02
9.203731996618230715e-01,7.977265931244983954e-02
9.396648314954690884e-01,7.811295582933840131e-02
9.593608287093147169e-01,7.648734727267768319e-02
9.794696670695385299e-01,7.489511964989975512e-02
1.000000000000000000e+00,7.333560698477321893e-02
1.020960662306047650e+00,7.180812105072544027e-02
1.042360673976401086e+00,7.031201415071099137e-02
1.064209244064724613e+00,6.884664356804383323e-02
1.086515774652537347e+00,6.741136721629806261e-02
1.109289864895222744e+00,6.600558402577112738e-02
1.132541315152812755e+00,6.462867372669033050e-02
1.156280131207375383e+00,6.328005282706140877e-02
1.180516528568805512e+00,6.195914090267422292e-02
1.205260936870841348e+00,6.066536038303418921e-02
1.230524004359261570e+00,5.939816891728655346e-02
1.256316602474121469e+00,5.815700708456723877e-02
1.282649830528059809e+00,5.694134964628395912e-02
1.309535020482667678e+00,5.575067227262418823e-02
1.336983741824945282e+00,5.458445546659144998e-02
1.365007806546013835e+00,5.344220991175023527e-02
1.393619274224143556e+00,5.232343089089738775e-02
1.422830457214351974e+00,5.122764580784620186e-02
1.452653925946781222e+00,5.015438090141385863e-02
1.483102514336102962e+00,4.910316897098422617e-02
1.514189325304351907e+00,4.807356846298264236e-02
1.545927736419478560e+00,4.706512410689334125e-02
1.578331405652116493e+00,4.607741065558624421e-02
1.611414277253019778e+00,4.511000009285100198e-02
1.645190587753660783e+00,4.416247212564368418e-02
1.679674872092653093e+00,4.323442834404644247e-02
1.714881969870540868e+00,4.232545815602697936e-02
1.750827031735723294e+00,4.143517888771521690e-02
1.787525525904235524e+00,4.056320384407170743e-02
1.824993244816150550e+00,3.970915494483556046e-02
1.863246311931559873e+00,3.887267269710192874e-02
1.902301188668945819e+00,3.805338681035580484e-02
1.942174681489024390e+00,3.725095292790697732e-02
1.982883949127071332e+00,3.646502169480764222e-02
2.024446509976801867e+00,3.569525298311601591e-02
2.066880249629082122e+00,3.494132244018954836e-02
2.110203428568596440e+00,3.420289612312200911e-02
2.154434690031882038e+00,3.347966413093898808e-02
2.199593068030074594e+00,3.277131087612632221e-02
2.245697995539771785e+00,3.207753035174978895e-02
2.292769312865648779e+00,3.139802992511036422e-02
2.340827276178294447e+00,3.073250843010138372e-02
2.389892566231047955e+00,3.008068696747987977e-02
2.439986297259550074e+00,2.944228047225915662e-02
2.491130026067791103e+00,2.881701359946334945e-02
2.543345761304648178e+00,2.820462236353499241e-02
2.596655972934872381e+00,2.760483514980542272e-02
2.651083601908536203e+00,2.701740095624150656e-02
2.706652070033241486e+00,2.644206229133157920e-02
2.763385290053172572e+00,2.587857139096881587e-02
2.821307675939470627e+00,2.532669010551603581e-02
2.880444153396297668e+00,2.478617348077093163e-02
2.940820170587060911e+00,2.425679561338069112e-02
3.002461709085549213e+00,2.373832391301682401e-02
3.065395295056529967e+00,2.323053543841956115e-02
3.129648010670750491e+00,2.273321532125726491e-02
3.195247505759213791e+00,2.224614271846538788e-02
3.262222009711666537e+00,2.176911415212889889e-02
3.330600343624588788e+00,2.130191968017103310e-02
3.400411932703709450e+00,2.084435865374853480e-02
3.471686818926559503e+00,2.039623707751700085e-02
3.544455673970435594e+00,1.995735599890181150e-02
3.618749812411276690e+00,1.952753207491693746e-02
3.694601205199302463e+00,1.910657578584839394e-02
3.772042493417001374e+00,1.869430654668530895e-02
3.851107002325568907e+00,1.829054919498776521e-02
3.931828755705770284e+00,1.789512448903662900e-02
4.014242490499317917e+00,1.750786721852468780e-02
4.098383671757261482e+00,1.712860628072588112e-02
4.184288507901584353e+00,1.675717915229580843e-02
4.271993966306776969e+00,1.639342763328654334e-02
4.361537789208005833e+00,1.603719027458112151e-02
4.452958509942650522e+00,1.568831811357316447e-02
4.546295469532399380e+00,1.534665672800287345e-02
4.641588833612781961e+00,1.501205981333504635e-02
4.738879609717651320e+00,1.468438447200494379e-02
4.838209664925956943e+00,1.436348528993167811e-02
4.939621743878315208e+00,1.404922785813898442e-02
5.043159487171358535e+00,1.374147286965860318e-02
5.148867450137498025e+00,1.344008860499969898e-02
5.256791122018419138e+00,1.314494587644115045e-02
5.366976945540476329e+00,1.285591379469119312e-02
5.479472336900281348e+00,1.257287100291552481e-02
5.594325706169377632e+00,1.229569183586003839e-02
5.711586478126434940e+00,1.202425769753629956e-02
5.831305113526219053e+00,1.175845170145670658e-02
5.953533130814370189e+00,1.149815608095505585e-02
6.078323128297223654e+00,1.124326121699106319e-02
6.205728806776500406e+00,1.099365372776257670e-02
6.335804992658253809e+00,1.074922680417261106e-02
6.468607661546320386e+00,1.050987467313049990e-02
6.604193962330305645e+00,1.027549134478576535e-02
6.742622241778335024e+00,1.004597778272384688e-02
6.883952069645496330e+00,9.821231687804864857e-03
7.028244264308352918e+00,9.601156764520495102e-03
7.175560918936921162e+00,9.385657352730853581e-03
7.325965428215230446e+00,9.174638008893176711e-03
7.479522515621813028e+00,8.968009242217713645e-03
7.636298261282241207e+00,8.765678729251061285e-03
7.796360130405236788e+00,8.567559612452514684e-03
7.959777002314977423e+00,8.373565385703548442e-03
8.126619200091946382e+00,8.183610073656007525e-03
8.296958520834914808e+00,7.997612821914796069e-03
8.470868266557403103e+00,7.815490216944831481e-03
8.648423275731726534e+00,7.637163985226733294e-03
8.829699955494083596e+00,7.462555852138069365e-03
9.014776314524917566e+00,7.291588378142640353e-03
9.203731996618230937e+00,7.124188507701733133e-03
9.396648314954690662e+00,6.960280878742236207e-03
9.593608287093147169e+00,6.799794965208137004e-03
9.794696670695385521e+00,6.642659960377993687e-03
1.000000000000000000e+01,6.488806126519942701e-03
1.020960662306047517e+01,6.338167472377235871e-03
1.042360673976401131e+01,6.190675978075278404e-03
1.064209244064724658e+01,6.046268139782637330e-03
1.086515774652537303e+01,5.904879975122324064e-03
1.109289864895222699e+01,5.766448758344028605e-03
1.132541315152812622e+01,5.630914991560778682e-03
1.156280131207375383e+01,5.498217419389295549e-03
1.180516528568805512e+01,5.368299040645989166e-03
1.205260936870841348e+01,5.241102285735234172e-03
1.230524004359261525e+01,5.116571121009505681e-03
1.256316602474121424e+01,4.994652880965194490e-03
1.282649830528059809e+01,4.875294175310015271e-03
1.309535020482667633e+01,4.758445571453766287e-03
1.336983741824945149e+01,4.644056768542834113e-03
1.365007806546013747e+01,4.532078916371593338e-03
1.393619274224143467e+01,4.422465479660181789e-03
1.422830457214351974e+01,4.315168211830767639e-03
1.452653925946781222e+01,4.210142854456096206e-03
1.483102514336102828e+01,4.107343768294734535e-03
1.514189325304351996e+01,4.006727150274684048e-03
1.545927736419478471e+01,3.908250819053011443e-03
1.578331405652116537e+01,3.811871565025515621e-03
1.611414277253019733e+01,3.717549155717362729e-03
1.645190587753660694e+01,3.625242845417710538e-03
1.679674872092653004e+01,3.534912672271655308e-03
1.714881969870540956e+01,3.446521163879893296e-03
1.750827031735723338e+01,3.360028614100341038e-03
1.787525525904235479e+01,3.275399704717405977e-03
1.824993244816150550e+01,3.192596555115626011e-03
1.863246311931559873e+01,3.111584242998601414e-03
1.902301188668945642e+01,3.032327832692059862e-03
1.942174681489024479e+01,2.954792506636227251e-03
1.982883949127071332e+01,2.878945241570704788e-03
2.024446509976801778e+01,8.608845135519821445e-03
2.066880249629081945e+01,8.536274795165839369e-03
2.110203428568596706e+01,8.465295633643937084e-03
2.154434690031882127e+01,8.395875098372657802e-03
2.199593068030074861e+01,8.327982681866233014e-03
2.245697995539771696e+01,8.261586114313637999e-03
2.292769312865648601e+01,8.196654409088106538e-03
2.340827276178294269e+01,8.133157643902509670e-03
2.389892566231047866e+01,8.071065150378860936e-03
2.439986297259550341e+01,8.010348654651349223e-03
2.491130026067785863e+01,7.950978815868160396e-03
2.543345761304648178e+01,7.892928174427903121e-03
2.596655972934872381e+01,7.836168903831789920e-03
2.651083601908536380e+01,7.780674522650649766e-03
2.706652070033241131e+01,7.726418672068812582e-03
2.763385290053172838e+01,7.673374751427596528e-03
2.821307675939470627e+01,7.621519040121154873e-03
2.880444153396297935e+01,7.570826124781167288e-03
2.940820170587060645e+01,7.521270356064226753e-03
3.002461709085549302e+01,7.472789937158604706e-03
3.065395295056529790e+01,7.425436198036487051e-03
3.129648010670750580e+01,7.379161586465962132e-03
3.195247505759213524e+01,7.333932171831144403e-03
3.262222009711666715e+01,7.289725207758799251e-03
3.330600343624588788e+01,7.246521395302067681e-03
3.400411932703709539e+01,7.204301139247630548e-03
3.471686818926559681e+01,7.163041414671495258e-03
3.544455673970435328e+01,7.122724610404333398e-03
3.618749812411276423e+01,7.083330377167057663e-03
3.694601205199302285e+01,7.044839248591172609e-03
3.772042493417001197e+01,7.007233534694731064e-03
3.851107002325569084e+01,6.970492500917097739e-03
3.931828755705770106e+01,6.934600374768997051e-03
4.014242490499317739e+01,6.899538747342589921e-03
4.098383671757261482e+01,6.865290464225273261e-03
4.184288507901584353e+01,6.831840140595996265e-03
4.271993966306776969e+01,6.799166778363575567e-03
4.361537789208005478e+01,6.767258531779908257e-03
4.452958509942650522e+01,6.736098770581927520e-03
4.546295469532399380e+01,6.705670875481658036e-03
4.641588833612782139e+01,6.675961161778687890e-03
4.738879609717650965e+01,6.646955312690581291e-03
4.838209664925957298e+01,6.618634655765341310e-03
4.939621743878315385e+01,6.590994842966811998e-03
5.043159487171358535e+01,6.564005195728790307e-03
5.148867450137497315e+01,6.537667131612908550e-03
5.256791122018419316e+01,6.511963028137170498e-03
5.366976945540476152e+01,6.486879978610215515e-03
5.479472336900281704e+01,6.462404273171915361e-03
5.594325706169377810e+01,6.438524949180877283e-03
5.711586478126434940e+01,6.415229437025755585e-03
5.831305113526218520e+01,6.392506645569904014e-03
5.953533130814370367e+01,6.370343674507786096e-03
6.078323128297223832e+01,6.348730768734732466e-03
6.205728806776500761e+01,6.327656697681261801e-03
6.335804992658254520e+01,6.307110577820095910e-03
6.468607661546320742e+01,6.287082476818354158e-03
6.604193962330305112e+01,6.267562116179092348e-03
6.742622241778335024e+01,6.248539613081240292e-03
6.883952069645496863e+01,6.230005810349158700e-03
7.028244264308352740e+01,6.211950937451873010e-03
7.175560918936920984e+01,6.194366380166193425e-03
7.325965428215229736e+01,6.177243237374480112e-03
7.479522515621813739e+01,6.160572993726417569e-03
7.636298261282242095e+01,6.144347602519425501e-03
7.796360130405237499e+01,6.128558599123702134e-03
7.959777002314977778e+01,6.113198788622061126e-03
8.126619200091946027e+01,6.098260436207685736e-03
8.296958520834914452e+01,6.083736308664450081e-03
8.470868266557401682e+01,6.069619534418507767e-03
8.648423275731727244e+01,6.055903327631994952e-03
8.829699955494082531e+01,6.042581233686420902e-03
9.014776314524917211e+01,6.029647086972646057e-03
9.203731996618230937e+01,6.017094872306492405e-03
9.396648314954690306e+01,6.004919050087867069e-03
9.593608287093147169e+01,5.993114185948018174e-03
9.794696670695385876e+01,5.981675022345733436e-03
1.000000000000000000e+02,5.970596867918476561e-03
1.020960662306047624e+02,5.959875118590282454e-03
1.042360673976401131e+02,5.949505573037394343e-03
1.064209244064724658e+02,5.939484224049470899e-03
1.086515774652537232e+02,5.929807527211608184e-03
1.109289864895222735e+02,5.920472225444380586e-03
1.132541315152812587e+02,5.911475292914811566e-03
1.156280131207375348e+02,5.902814321004389020e-03
1.180516528568805512e+02,5.894487212492527384e-03
1.205260936870841419e+02,5.886492254900598138e-03
1.230524004359261596e+02,5.878828315772904357e-03
1.256316602474121424e+02,5.871494701430195716e-03
1.282649830528060022e+02,5.864491431265566115e-03
1.309535020482667562e+02,5.857818929510125866e-03
1.336983741824945184e+02,5.851477422364558152e-03
1.365007806546013853e+02,5.845469468939120880e-03
1.393619274224143396e+02,5.839795732620225825e-03
1.422830457214352009e+02,5.834460725128959996e-03
1.452653925946781328e+02,5.829470416863500974e-03
1.483102514336102900e+02,5.824833568317346055e-03
1.514189325304351996e+02,5.820562524046240908e-03
1.545927736419478435e+02,5.816674764911876870e-03
1.578331405652116359e+02,5.813195499822112686e-03
1.611414277253019804e+02,5.810162557485267810e-03
1.645190587753660907e+02,5.807637535131424458e-03
1.679674872092653288e+02,5.805740613859328159e-03
1.714881969870540956e+02,5.804912780448070499e-03
1.750827031735723267e+02,5.804734148023822995e-03
1.787525525904235337e+02,5.804584336164525689e-03
1.824993244816150479e+02,5.804460555494564411e-03
1.863246311931559944e+02,5.804360109018079014e-03
1.902301188668945713e+02,5.804280337356922982e-03
1.942174681489024408e+02,5.804218669720858509e-03
1.982883949127071332e+02,5.804172576669659744e-03
2.024446509976801849e+02,5.804139619749662873e-03
2.066880249629082016e+02,5.804117433336063343e-03
2.110203428568596564e+02,5.804103732518248009e-03
2.154434690031882269e+02,5.804096347462510061e-03
2.199593068030074789e+02,5.804093211150692169e-03
2.245697995539771625e+02,5.804092406854033381e-03
2.292769312865648885e+02,0.000000000000000000e+00
2.340827276178294198e+02,0.000000000000000000e+00
2.389892566231047795e+02,0.000000000000000000e+00
2.439986297259550270e+02,0.000000000000000000e+00
2.491130026067785934e+02,0.000000000000000000e+00
2.543345761304648249e+02,0.000000000000000000e+00
2.596655972934872239e+02,0.000000000000000000e+00
2.651083601908536025e+02,0.000000000000000000e+00
2.706652070033241557e+02,0.000000000000000000e+00
2.763385290053172412e+02,0.000000000000000000e+00
2.821307675939470982e+02,0.000000000000000000e+00
2.880444153396297793e+02,0.000000000000000000e+00
2.940820170587060716e+02,0.000000000000000000e+00
3.002461709085549160e+02,0.000000000000000000e+00
3.065395295056529790e+02,0.000000000000000000e+00
3.129648010670750296e+02,0.000000000000000000e+00
3.195247505759213595e+02,0.000000000000000000e+00
3.262222009711666715e+02,0.000000000000000000e+00
3.330600343624588504e+02,0.000000000000000000e+00
3.400411932703709681e+02,0.000000000000000000e+00
3.471686818926559681e+02,0.000000000000000000e+00
3.544455673970435328e+02,0.000000000000000000e+00
3.618749812411276707e+02,0.000000000000000000e+00
3.694601205199302285e+02,0.000000000000000000e+00
3.772042493417001197e+02,0.000000000000000000e+00
3.851107002325568942e+02,0.000000000000000000e+00
3.931828755705770391e+02,0.000000000000000000e+00
4.014242490499318023e+02,0.000000000000000000e+00
4.098383671757261482e+02,0.000000000000000000e+00
4.184288507901584353e+02,0.000000000000000000e+00
4.271993966306776542e+02,0.000000000000000000e+00
4.361537789208005620e+02,0.000000000000000000e+00
4.452958509942650949e+02,0.000000000000000000e+00
4.546295469532399238e+02,0.000000000000000000e+00
4.641588833612781855e+02,0.000000000000000000e+00
4.738879609717650965e+02,0.000000000000000000e+00
4.838209664925957441e+02,0.000000000000000000e+00
4.939621743878315669e+02,0.000000000000000000e+00
5.043159487171358819e+02,0.000000000000000000e+00
5.148867450137497599e+02,0.000000000000000000e+00
5.256791122018419173e+02,0.000000000000000000e+00
5.366976945540476436e+02,0.000000000000000000e+00
5.479472336900281562e+02,0.000000000000000000e+00
5.594325706169377099e+02,0.000000000000000000e+00
5.711586478126434940e+02,0.000000000000000000e+00
5.831305113526218520e+02,0.000000000000000000e+00
5.953533130814370224e+02,0.000000000000000000e+00
6.078323128297223548e+02,0.000000000000000000e+00
6.205728806776500051e+02,0.000000000000000000e+00
6.335804992658254378e+02,0.000000000000000000e+00
6.468607661546320742e+02,0.000000000000000000e+00
6.604193962330305112e+02,0.000000000000000000e+00
6.742622241778335592e+02,0.000000000000000000e+00
6.883952069645496294e+02,0.000000000000000000e+00
7.028244264308352740e+02,0.000000000000000000e+00
7.175560918936921553e+02,0.000000000000000000e+00
7.325965428215230304e+02,0.000000000000000000e+00
7.479522515621813454e+02,0.000000000000000000e+00
7.636298261282241810e+02,0.000000000000000000e+00
7.796360130405237214e+02,0.000000000000000000e+00
7.959777002314978063e+02,0.000000000000000000e+00
8.126619200091945459e+02,0.000000000000000000e+00
8.296958520834898536e+02,0.000000000000000000e+00
8.470868266557401967e+02,0.000000000000000000e+00
8.648423275731726108e+02,0.000000000000000000e+00
8.829699955494082815e+02,0.000000000000000000e+00
9.014776314524917780e+02,0.000000000000000000e+00
9.203731996618230369e+02,0.000000000000000000e+00
9.396648314954691159e+02,0.000000000000000000e+00
9.593608287093146600e+02,0.000000000000000000e+00
9.794696670695385592e+02,0.000000000000000000e+00
1.000000000000000000e+03,0.000000000000000000e+00
1.020960662306047539e+03,0.000000000000000000e+00
1.042360673976403177e+03,0.000000000000000000e+00
1.064209244064722498e+03,0.000000000000000000e+00
1.086515774652537175e+03,0.000000000000000000e+00
1.109289864895222763e+03,0.000000000000000000e+00
1.132541315152812558e+03,0.000000000000000000e+00
1.156280131207377735e+03,0.000000000000000000e+00
1.180516528568803096e+03,0.000000000000000000e+00
1.205260936870841306e+03,0.000000000000000000e+00
1.230524004359261653e+03,0.000000000000000000e+00
1.256316602474121510e+03,0.000000000000000000e+00
1.282649830528062466e+03,0.000000000000000000e+00
1.309535020482665004e+03,0.000000000000000000e+00
1.336983741824945128e+03,0.000000000000000000e+00
1.365007806546013853e+03,0.000000000000000000e+00
1.393619274224143510e+03,0.000000000000000000e+00
1.422830457214354738e+03,0.000000000000000000e+00
1.452653925946778145e+03,0.000000000000000000e+00
1.483102514336102786e+03,0.000000000000000000e+00
1.514189325304351996e+03,0.000000000000000000e+00
1.545927736419478606e+03,0.000000000000000000e+00
1.578331405652119656e+03,0.000000000000000000e+00
1.611414277253016508e+03,0.000000000000000000e+00
1.645190587753660793e+03,0.000000000000000000e+00
1.679674872092653231e+03,0.000000000000000000e+00
1.714881969870540843e+03,0.000000000000000000e+00
1.750827031735726905e+03,0.000000000000000000e+00
1.787525525904231699e+03,0.000000000000000000e+00
1.824993244816150536e+03,0.000000000000000000e+00
1.863246311931559831e+03,0.000000000000000000e+00
1.902301188668945770e+03,0.000000000000000000e+00
1.942174681489028444e+03,0.000000000000000000e+00
1.982883949127067353e+03,0.000000000000000000e+00
2.024446509976801735e+03,0.000000000000000000e+00
2.066880249629081845e+03,0.000000000000000000e+00
2.110203428568596337e+03,0.000000000000000000e+00
2.154434690031886475e+03,0.000000000000000000e+00
2.199593068030070299e+03,0.000000000000000000e+00
2.245697995539771910e+03,0.000000000000000000e+00
2.292769312865648772e+03,0.000000000000000000e+00
2.340827276178294142e+03,0.000000000000000000e+00
2.389892566231052569e+03,0.000000000000000000e+00
2.439986297259545154e+03,0.000000000000000000e+00
2.491130026067785820e+03,0.000000000000000000e+00
2.543345761304648022e+03,0.000000000000000000e+00
2.596655972934872352e+03,0.000000000000000000e+00
2.651083601908541823e+03,0.000000000000000000e+00
2.706652070033235759e+03,0.000000000000000000e+00
2.763385290053166955e+03,0.000000000000000000e+00
2.821307675939470755e+03,0.000000000000000000e+00
2.880444153396297679e+03,0.000000000000000000e+00
2.940820170587066514e+03,0.000000000000000000e+00
3.002461709085543134e+03,0.000000000000000000e+00
3.065395295056523537e+03,0.000000000000000000e+00
3.129648010670750409e+03,0.000000000000000000e+00
3.195247505759213709e+03,0.000000000000000000e+00
3.262222009711673309e+03,0.000000000000000000e+00
3.330600343624581910e+03,0.000000000000000000e+00
3.400411932703702405e+03,0.000000000000000000e+00
3.471686818926559681e+03,0.000000000000000000e+00
3.544455673970435782e+03,0.000000000000000000e+00
3.618749812411283983e+03,0.000000000000000000e+00
3.694601205199294782e+03,0.000000000000000000e+00
3.772042493416993693e+03,0.000000000000000000e+00
3.851107002325568828e+03,0.000000000000000000e+00
3.931828755705770163e+03,0.000000000000000000e+00
4.014242490499325868e+03,0.000000000000000000e+00
4.098383671757253069e+03,0.000000000000000000e+00
4.184288507901575940e+03,0.000000000000000000e+00
4.271993966306776201e+03,0.000000000000000000e+00
4.361537789208005961e+03,0.000000000000000000e+00
4.452958509942660385e+03,0.000000000000000000e+00
4.546295469532390598e+03,0.000000000000000000e+00
4.641588833612772760e+03,0.000000000000000000e+00
4.738879609717650965e+03,0.000000000000000000e+00
4.838209664925957441e+03,0.000000000000000000e+00
4.939621743878326015e+03,0.000000000000000000e+00
5.043159487171348701e+03,0.000000000000000000e+00
5.148867450137487140e+03,0.000000000000000000e+00
5.256791122018418719e+03,0.000000000000000000e+00
5.366976945540475754e+03,0.000000000000000000e+00
5.479472336900292248e+03,0.000000000000000000e+00
5.594325706169389377e+03,0.000000000000000000e+00
5.711586478126423572e+03,0.000000000000000000e+00
5.831305113526218520e+03,0.000000000000000000e+00
5.953533130814370452e+03,0.000000000000000000e+00
6.078323128297236508e+03,0.000000000000000000e+00
6.205728806776513011e+03,0.000000000000000000e+00
6.335804992658241645e+03,0.000000000000000000e+00
6.468607661546320742e+03,0.000000000000000000e+00
6.604193962330305112e+03,0.000000000000000000e+00
6.742622241778349235e+03,0.000000000000000000e+00
6.883952069645510164e+03,0.000000000000000000e+00
7.028244264308338643e+03,0.000000000000000000e+00
7.175560918936920643e+03,0.000000000000000000e+00
7.325965428215230531e+03,0.000000000000000000e+00
7.479522515621828461e+03,0.000000000000000000e+00
7.636298261282257045e+03,0.000000000000000000e+00
7.796360130405220843e+03,0.000000000000000000e+00
7.959777002314977835e+03,0.000000000000000000e+00
8.126619200091945459e+03,0.000000000000000000e+00
8.296958520834914452e+03,0.000000000000000000e+00
8.470868266557419702e+03,0.000000000000000000e+00
8.648423275731709509e+03,0.000000000000000000e+00
8.829699955494083042e+03,0.000000000000000000e+00
9.014776314524917325e+03,0.000000000000000000e+00
9.203731996618229459e+03,0.000000000000000000e+00
9.396648314954709349e+03,0.000000000000000000e+00
9.593608287093127728e+03,0.000000000000000000e+00
9.794696670695386274e+03,0.000000000000000000e+00
1.000000000000000000e+04,0.000000000000000000e+00
