T (GeV)      ,gstar  ,heff   ,geff
0.0000199526,2.14115,3.93872,3.38387
0.0000223872,2.14115,3.93872,3.38387
0.0000251189,2.14116,3.93872,3.38388
0.0000281838,2.14121,3.93873,3.38389
0.0000316228,2.14129,3.9388 ,3.38397
0.0000354814,2.14211,3.93903,3.38427
0.0000398107,2.14313,3.94002,3.38549
0.0000446684,2.14788,3.94193,3.3881
0.0000501187,2.16075,3.94971,3.39738
0.0000562341,2.18016,3.96568,3.41647
0.0000630958,2.21693,3.99719,3.45361
0.0000707946,2.27367,4.05392,3.51934
0.0000794328,2.35457,4.14742,3.62573
0.0000891251,2.46145,4.29041,3.78527
0.0001      ,2.59387,4.49612,4.0102
0.000112202 ,2.74915,4.77665,4.3118
0.000125892 ,2.91932,5.14242,4.69996
0.000141254 ,3.08264,5.59394,5.17649
0.000158489 ,3.21977,6.11588,5.72974
0.000177828 ,3.32439,6.68405,6.33782
0.000199526 ,3.38107,7.26618,6.96665
0.000223872 ,3.39252,7.81519,7.56535
0.000251189 ,3.39207,8.31058,8.11056
0.000281838 ,3.38331,8.74618,8.59272
0.000316228 ,3.37016,9.11984,9.00495
0.000354813 ,3.356  ,9.4338 ,9.34736
0.000398107 ,3.34556,9.69405,9.6294
0.000446684 ,3.33867,9.91217,9.86545
0.000501187 ,3.32907,10.0914,10.0587
0.000562341 ,3.32115,10.2369,10.2142
0.000630957 ,3.31505,10.354 ,10.3381
0.000707946 ,3.31139,10.4496,10.4387
0.000794328 ,3.30715,10.5269,10.5198
0.000891251 ,3.30316,10.5884,10.5838
0.001       ,3.2995 ,10.6366,10.6332
0.00112202  ,3.29685,10.6741,10.6713
0.00125892  ,3.29651,10.704 ,10.7017
0.00141254  ,3.29747,10.7302,10.7286
0.00158489  ,3.29683,10.7524,10.7517
0.00177828  ,3.29568,10.7702,10.7704
0.00199526  ,3.29388,10.7838,10.7844
0.00223872  ,3.29202,10.7933,10.7937
0.00251189  ,3.29111,10.7997,10.7998
0.00281838  ,3.29104,10.8047,10.8043
0.00316228  ,3.29166,10.809 ,10.8083
0.00354813  ,3.29271,10.8136,10.8132
0.00398107  ,3.29303,10.8183,10.8184
0.00446684  ,3.29304,10.8225,10.8231
0.00501187  ,3.29275,10.8259,10.827
0.00562341  ,3.29186,10.8283,10.8296
0.00630957  ,3.29076,10.8292,10.8304
0.00707946  ,3.29008,10.8289,10.8296
0.00794328  ,3.29054,10.8284,10.8287
0.00891251  ,3.29449,10.8299,10.8303
0.01        ,3.3003 ,10.8374,10.8395
0.0112202   ,3.30766,10.8496,10.8543
0.0125892   ,3.32432,10.8735,10.883
0.0141254   ,3.34921,10.9162,10.9338
0.0158489   ,3.39026,10.9878,11.0194
0.0177828   ,3.45708,11.1083,11.1678
0.0199526   ,3.54372,11.3007,11.4085
0.0223872   ,3.63446,11.5685,11.7266
0.0251189   ,3.7203 ,11.9012,12.0945
0.0281838   ,3.7938 ,12.2773,12.5001
0.0316228   ,3.8616 ,12.6822,12.9312
0.0354813   ,3.92322,13.1056,13.3759
0.0398107   ,3.97843,13.5375,13.8235
0.0421697   ,4.00396,13.754 ,14.0456
0.0446684   ,4.02831,13.9696,14.2655
0.0473151   ,4.05174,14.1839,14.4826
0.0501187   ,4.07455,14.3963,14.6968
0.0530884   ,4.0971 ,14.6066,14.908
0.0562341   ,4.11986,14.8152,15.1166
0.0595662   ,4.14345,15.0223,15.3235
0.0630957   ,4.16854,15.2291,15.5298
0.0668344   ,4.19655,15.4369,15.7377
0.0707946   ,4.23093,15.6488,15.9508
0.0749894   ,4.27596,15.8705,16.1761
0.0794328   ,4.33495,16.1102,16.4233
0.0841395   ,4.40527,16.3763,16.7028
0.0891251   ,4.48248,16.6736,17.02
0.0944061   ,4.56881,17.0063,17.3796
0.1         ,4.67508,17.3825,17.7909
0.105925    ,4.7968 ,17.8167,18.2706
0.112202    ,5.00266,18.3309,18.8863
0.11885     ,5.41135,19.0466,19.8105
0.125892    ,5.9174 ,20.0941,21.0143
0.133352    ,6.47829,21.4912,22.6405
0.141254    ,7.17981,23.3641,24.8377
0.149624    ,7.85646,25.7839,27.678
0.158489    ,8.35094,28.688 ,31.0595
0.167881    ,8.56448,31.8594,34.6881
0.177828    ,8.5431 ,35.0171,38.2034
0.188365    ,8.41707,37.9544,41.3583
0.199526    ,8.29839,40.5998,44.0896
0.211349    ,8.23215,42.9805,46.46
0.223872    ,8.21437,45.1544,48.5645
0.237138    ,8.22517,47.1692,50.4771
0.251189    ,8.24774,49.053 ,52.2407
0.266072    ,8.27302,50.8196,53.877
0.281838    ,8.29796,52.4762,55.3974
0.298538    ,8.32271,54.0287,56.8108
0.316228    ,8.34848,55.4844,58.1272
0.334966    ,8.37642,56.8521,59.3581
0.354814    ,8.40712,58.1415,60.5156
0.375837    ,8.44062,59.3625,61.6115
0.398107    ,8.47644,60.5243,62.6563
0.421696    ,8.51387,61.6347,63.6585
0.446684    ,8.55201,62.7001,64.6247
0.473152    ,8.58977,63.7252,65.5589
0.501187    ,8.62648,64.7128,66.4632
0.530885    ,8.66162,65.6649,67.3386
0.562341    ,8.6949 ,66.5825,68.1849
0.595662    ,8.72643,67.4663,69.0022
0.630958    ,8.75649,68.3173,69.7905
0.668344    ,8.78579,69.1369,70.551
0.707946    ,8.81487,69.9273,71.2857
0.749894    ,8.84423,70.6913,71.9976
0.794328    ,8.87419,71.432 ,72.69
0.841395    ,8.90481,72.1526,73.3664
0.891251    ,8.93593,72.8562,74.0297
0.944062    ,8.9672 ,73.5449,74.682
1.          ,8.99818,74.2203,75.3246
1.05925     ,9.02837,74.8832,75.9577
1.12202     ,9.05732,75.5335,76.5805
1.1885      ,9.08465,76.1703,77.1915
1.25893     ,9.11007,76.7924,77.7887
1.33352     ,9.13336,77.3981,78.3697
1.41254     ,9.15442,77.9856,78.9322
1.49624     ,9.17323,78.5531,79.4738
1.58489     ,9.18985,79.0988,79.9925
1.67881     ,9.20436,79.6212,80.4865
1.77828     ,9.21692,80.1191,80.9545
1.88365     ,9.22769,80.5915,81.3956
1.99526     ,9.23685,81.0378,81.8092
2.11349     ,9.24459,81.4577,82.1954
2.23872     ,9.25109,81.8513,82.5543
2.37138     ,9.25653,82.2189,82.8867
2.51189     ,9.26102,82.5611,83.1933
2.81838     ,9.26791,83.1724,83.7336
3.16228     ,9.2726 ,83.6932,84.1855
3.54814     ,9.27591,84.133 ,84.5603
3.98107     ,9.27828,84.5016,84.8691
4.46684     ,9.28006,84.8091,85.1225
5.01187     ,9.28149,85.0646,85.33
5.62341     ,9.28283,85.2765,85.5002
6.30958     ,9.28446,85.4531,85.6411
7.07946     ,9.28708,85.6026,85.7609
7.94329     ,9.29181,85.7348,85.8698
8.91251     ,9.30021,85.862 ,85.9812
10.         ,9.31417,85.9999,86.1122
10.5925     ,9.32373,86.0786,86.1913
11.2202     ,9.33528,86.1673,86.2833
11.885      ,9.34891,86.2684,86.3907
12.5892     ,9.3647 ,86.3845,86.5163
13.3352     ,9.38268,86.518 ,86.6626
14.1254     ,9.40285,86.6712,86.8318
14.9624     ,9.42515,86.8461,87.0258
15.8489     ,9.44954,87.0444,87.2464
16.788      ,9.47597,87.2678,87.4949
17.7828     ,9.50437,87.5177,87.7727
18.8365     ,9.53471,87.7953,88.0806
19.9526     ,9.56693,88.1015,88.4194
21.1349     ,9.60096,88.4372,88.7899
22.3872     ,9.63672,88.8032,89.1925
23.7137     ,9.67406,89.1998,89.6273
25.1189     ,9.7128 ,89.6273,90.0944
26.6072     ,9.75271,90.0855,90.5931
28.1838     ,9.79348,90.5738,91.1226
29.8539     ,9.83475,91.0912,91.6813
31.6228     ,9.8761 ,91.6359,92.2669
33.4965     ,9.91712,92.2058,92.8769
35.4813     ,9.95736,92.7982,93.5077
37.5837     ,9.99639,93.4096,94.1554
39.8107     ,10.0338,94.0364,94.8155
42.1696     ,10.0693,94.6744,95.4832
44.6684     ,10.1025,95.3191,96.1536
47.3151     ,10.1333,95.966 ,96.8214
50.1187     ,10.1614,96.6104,97.4818
53.0884     ,10.1869,97.2481,98.13
56.2341     ,10.2098,97.8747,98.7617
59.5664     ,10.23  ,98.4864,99.373
63.0957     ,10.2477,99.0797,99.9605
66.8344     ,10.263 ,99.6518,100.522
70.7946     ,10.2762,100.2  ,101.054
74.9894     ,10.2874,100.723,101.557
79.4328     ,10.2968,101.218,102.028
84.1395     ,10.3047,101.686,102.468
89.1251     ,10.3112,102.125,102.877
94.4061     ,10.3165,102.535,103.255
100.        ,10.3208,102.918,103.603
105.925     ,10.3243,103.272,103.922
112.202     ,10.327 ,103.6  ,104.214
118.85      ,10.3292,103.902,104.48
125.892     ,10.3309,104.18 ,104.721
133.352     ,10.3322,104.435,104.94
141.254     ,10.3332,104.667,105.138
149.624     ,10.334 ,104.879,105.316
158.489     ,10.3346,105.072,105.477
167.88      ,10.335 ,105.248,105.621
177.828     ,10.3353,105.407,105.751
188.366     ,10.3355,105.551,105.867
199.526     ,10.3357,105.681,105.971
211.349     ,10.3358,105.799,106.064
223.873     ,10.3358,105.905,106.147
237.137     ,10.3359,106.   ,106.221
251.189     ,10.3359,106.086,106.287
266.072     ,10.3359,106.164,106.346
281.838     ,10.3359,106.233,106.399
298.538     ,10.3359,106.296,106.446
316.228     ,10.3359,106.352,106.488
334.966     ,10.3359,106.402,106.525
354.813     ,10.3359,106.447,106.558
375.839     ,10.3359,106.488,106.588
398.107     ,10.3359,106.524,106.614
421.697     ,10.3359,106.556,106.638
446.685     ,10.3359,106.585,106.659
473.152     ,10.3359,106.611,106.677
501.187     ,10.3358,106.635,106.694
530.884     ,10.3358,106.655,106.709
562.341     ,10.3358,106.674,106.722
595.662     ,10.3358,106.691,106.734
630.957     ,10.3358,106.705,106.744
668.344     ,10.3358,106.719,106.753
707.946     ,10.3358,106.731,106.762
749.894     ,10.3358,106.741,106.769
794.328     ,10.3358,106.751,106.776
841.397     ,10.3358,106.759,106.781
891.253     ,10.3358,106.767,106.787
944.061     ,10.3358,106.773,106.791
1000.       ,10.3358,106.78 ,106.795
1059.25     ,10.3358,106.785,106.799
1122.02     ,10.3358,106.79 ,106.803
1188.5      ,10.3358,106.794,106.805
1258.93     ,10.3358,106.798,106.808
1333.52     ,10.3359,106.801,106.81
1412.54     ,10.3359,106.804,106.813
1496.23     ,10.3359,106.807,106.814
1584.89     ,10.3359,106.81 ,106.816
1678.81     ,10.3359,106.812,106.818
1778.28     ,10.3359,106.814,106.819
1883.65     ,10.3359,106.816,106.82
1995.26     ,10.3359,106.817,106.821
2113.49     ,10.3359,106.818,106.822
2238.72     ,10.3359,106.82 ,106.823
2371.37     ,10.3359,106.821,106.824
2511.89     ,10.3359,106.822,106.825
2660.72     ,10.3359,106.823,106.825
2818.4      ,10.3359,106.824,106.826
2985.38     ,10.3359,106.824,106.826
3162.28     ,10.3359,106.825,106.827
3349.66     ,10.3359,106.825,106.827
3548.14     ,10.3359,106.826,106.827
3758.37     ,10.3359,106.826,106.828
3981.07     ,10.3359,106.827,106.828
4216.97     ,10.3359,106.827,106.828
4466.84     ,10.3359,106.828,106.828
4731.51     ,10.3359,106.828,106.829
5011.87     ,10.3359,106.828,106.829
5308.84     ,10.3359,106.828,106.829
5623.43     ,10.3359,106.829,106.829
5956.64     ,10.3359,106.829,106.829
6309.59     ,10.3359,106.829,106.829
6683.46     ,10.3359,106.829,106.829
7079.46     ,10.3359,106.829,106.83
7498.94     ,10.3359,106.829,106.83
7943.28     ,10.3359,106.829,106.83
8413.95     ,10.3359,106.83 ,106.83
8912.53     ,10.3359,106.83 ,106.83
9440.61     ,10.3359,106.83 ,106.83
10000.      ,10.3359,106.83 ,106.83
10592.6     ,10.3359,106.83 ,106.83
11220.2     ,10.3359,106.83 ,106.83
11885.      ,10.3359,106.83 ,106.83
12589.2     ,10.3359,106.83 ,106.83
