1.99526e-05, 3.93872
2.23872e-05, 3.93872
2.51189e-05, 3.93872
2.81838e-05, 3.93873
3.16228e-05, 3.9388
3.54814e-05, 3.93903
3.98107e-05, 3.94002
4.46684e-05, 3.94193
5.01187e-05, 3.94971
5.62341e-05, 3.96568
6.30958e-05, 3.99719
7.07946e-05, 4.05392
7.94328e-05, 4.14742
8.91251e-05, 4.29041
0.0001, 4.49612
0.000112202, 4.77665
0.000125892, 5.14242
0.000141254, 5.59394
0.000158489, 6.11588
0.000177828, 6.68405
0.000199526, 7.26618
0.000223872, 7.81519
0.000251189, 8.31058
0.000281838, 8.74618
0.000316228, 9.11984
0.000354813, 9.4338
0.000398107, 9.69405
0.000446684, 9.91217
0.000501187, 10.0914
0.000562341, 10.2369
0.000630957, 10.354
0.000707946, 10.4496
0.000794328, 10.5269
0.000891251, 10.5884
0.001, 10.6366
0.00112202, 10.6741
0.00125892, 10.704
0.00141254, 10.7302
0.00158489, 10.7524
0.00177828, 10.7702
0.00199526, 10.7838
0.00223872, 10.7933
0.00251189, 10.7997
0.00281838, 10.8047
0.00316228, 10.809
0.00354813, 10.8136
0.00398107, 10.8183
0.00446684, 10.8225
0.00501187, 10.8259
0.00562341, 10.8283
0.00630957, 10.8292
0.00707946, 10.8289
0.00794328, 10.8284
0.00891251, 10.8299
0.01, 10.8374
0.0112202, 10.8496
0.0125892, 10.8735
0.0141254, 10.9162
0.0158489, 10.9878
0.0177828, 11.1083
0.0199526, 11.3007
0.0223872, 11.5685
0.0251189, 11.9012
0.0281838, 12.2773
0.0316228, 12.6822
0.0354813, 13.1056
0.0398107, 13.5375
0.0421697, 13.754
0.0446684, 13.9696
0.0473151, 14.1839
0.0501187, 14.3963
0.0530884, 14.6066
0.0562341, 14.8152
0.0595662, 15.0223
0.0630957, 15.2291
0.0668344, 15.4369
0.0707946, 15.6488
0.0749894, 15.8705
0.0794328, 16.1102
0.0841395, 16.3763
0.0891251, 16.6736
0.0944061, 17.0063
0.1, 17.3825
0.105925, 17.8167
0.112202, 18.3309
0.11885, 19.0466
0.125892, 20.0941
0.133352, 21.4912
0.141254, 23.3641
0.149624, 25.7839
0.158489, 28.688
0.167881, 31.8594
0.177828, 35.0171
0.188365, 37.9544
0.199526, 40.5998
0.211349, 42.9805
0.223872, 45.1544
0.237138, 47.1692
0.251189, 49.053
0.266072, 50.8196
0.281838, 52.4762
0.298538, 54.0287
0.316228, 55.4844
0.334966, 56.8521
0.354814, 58.1415
0.375837, 59.3625
0.398107, 60.5243
0.421696, 61.6347
0.446684, 62.7001
0.473152, 63.7252
0.501187, 64.7128
0.530885, 65.6649
0.562341, 66.5825
0.595662, 67.4663
0.630958, 68.3173
0.668344, 69.1369
0.707946, 69.9273
0.749894, 70.6913
0.794328, 71.432
0.841395, 72.1526
0.891251, 72.8562
0.944062, 73.5449
1.0, 74.2203
1.05925, 74.8832
1.12202, 75.5335
1.1885, 76.1703
1.25893, 76.7924
1.33352, 77.3981
1.41254, 77.9856
1.49624, 78.5531
1.58489, 79.0988
1.67881, 79.6212
1.77828, 80.1191
1.88365, 80.5915
1.99526, 81.0378
2.11349, 81.4577
2.23872, 81.8513
2.37138, 82.2189
2.51189, 82.5611
2.81838, 83.1724
3.16228, 83.6932
3.54814, 84.133
3.98107, 84.5016
4.46684, 84.8091
5.01187, 85.0646
5.62341, 85.2765
6.30958, 85.4531
7.07946, 85.6026
7.94329, 85.7348
8.91251, 85.862
10.0, 85.9999
10.5925, 86.0786
11.2202, 86.1673
11.885, 86.2684
12.5892, 86.3845
13.3352, 86.518
14.1254, 86.6712
14.9624, 86.8461
15.8489, 87.0444
16.788, 87.2678
17.7828, 87.5177
18.8365, 87.7953
19.9526, 88.1015
21.1349, 88.4372
22.3872, 88.8032
23.7137, 89.1998
25.1189, 89.6273
26.6072, 90.0855
28.1838, 90.5738
29.8539, 91.0912
31.6228, 91.6359
33.4965, 92.2058
35.4813, 92.7982
37.5837, 93.4096
39.8107, 94.0364
42.1696, 94.6744
44.6684, 95.3191
47.3151, 95.966
50.1187, 96.6104
53.0884, 97.2481
56.2341, 97.8747
59.5664, 98.4864
63.0957, 99.0797
66.8344, 99.6518
70.7946, 100.2
74.9894, 100.723
79.4328, 101.218
84.1395, 101.686
89.1251, 102.125
94.4061, 102.535
100.0, 102.918
105.925, 103.272
112.202, 103.6
118.85, 103.902
125.892, 104.18
133.352, 104.435
141.254, 104.667
149.624, 104.879
158.489, 105.072
167.88, 105.248
177.828, 105.407
188.366, 105.551
199.526, 105.681
211.349, 105.799
223.873, 105.905
237.137, 106.0
251.189, 106.086
266.072, 106.164
281.838, 106.233
298.538, 106.296
316.228, 106.352
334.966, 106.402
354.813, 106.447
375.839, 106.488
398.107, 106.524
421.697, 106.556
446.685, 106.585
473.152, 106.611
501.187, 106.635
530.884, 106.655
562.341, 106.674
595.662, 106.691
630.957, 106.705
668.344, 106.719
707.946, 106.731
749.894, 106.741
794.328, 106.751
841.397, 106.759
891.253, 106.767
944.061, 106.773
1000.0, 106.78
1059.25, 106.785
1122.02, 106.79
1188.5, 106.794
1258.93, 106.798
1333.52, 106.801
1412.54, 106.804
1496.23, 106.807
1584.89, 106.81
1678.81, 106.812
1778.28, 106.814
1883.65, 106.816
1995.26, 106.817
2113.49, 106.818
2238.72, 106.82
2371.37, 106.821
2511.89, 106.822
2660.72, 106.823
2818.4, 106.824
2985.38, 106.824
3162.28, 106.825
3349.66, 106.825
3548.14, 106.826
3758.37, 106.826
3981.07, 106.827
4216.97, 106.827
4466.84, 106.828
4731.51, 106.828
5011.87, 106.828
5308.84, 106.828
5623.43, 106.829
5956.64, 106.829
6309.59, 106.829
6683.46, 106.829
7079.46, 106.829
7498.94, 106.829
7943.28, 106.829
8413.95, 106.83
8912.53, 106.83
9440.61, 106.83
10000.0, 106.83
10592.6, 106.83
11220.2, 106.83
11885.0, 106.83
12589.2, 106.83