1.99526e-05, 2.14115
2.23872e-05, 2.14115
2.51189e-05, 2.14116
2.81838e-05, 2.14121
3.16228e-05, 2.14129
3.54814e-05, 2.14211
3.98107e-05, 2.14313
4.46684e-05, 2.14788
5.01187e-05, 2.16075
5.62341e-05, 2.18016
6.30958e-05, 2.21693
7.07946e-05, 2.27367
7.94328e-05, 2.35457
8.91251e-05, 2.46145
0.0001, 2.59387
0.000112202, 2.74915
0.000125892, 2.91932
0.000141254, 3.08264
0.000158489, 3.21977
0.000177828, 3.32439
0.000199526, 3.38107
0.000223872, 3.39252
0.000251189, 3.39207
0.000281838, 3.38331
0.000316228, 3.37016
0.000354813, 3.356
0.000398107, 3.34556
0.000446684, 3.33867
0.000501187, 3.32907
0.000562341, 3.32115
0.000630957, 3.31505
0.000707946, 3.31139
0.000794328, 3.30715
0.000891251, 3.30316
0.001, 3.2995
0.00112202, 3.29685
0.00125892, 3.29651
0.00141254, 3.29747
0.00158489, 3.29683
0.00177828, 3.29568
0.00199526, 3.29388
0.00223872, 3.29202
0.00251189, 3.29111
0.00281838, 3.29104
0.00316228, 3.29166
0.00354813, 3.29271
0.00398107, 3.29303
0.00446684, 3.29304
0.00501187, 3.29275
0.00562341, 3.29186
0.00630957, 3.29076
0.00707946, 3.29008
0.00794328, 3.29054
0.00891251, 3.29449
0.01, 3.3003
0.0112202, 3.30766
0.0125892, 3.32432
0.0141254, 3.34921
0.0158489, 3.39026
0.0177828, 3.45708
0.0199526, 3.54372
0.0223872, 3.63446
0.0251189, 3.7203
0.0281838, 3.7938
0.0316228, 3.8616
0.0354813, 3.92322
0.0398107, 3.97843
0.0421697, 4.00396
0.0446684, 4.02831
0.0473151, 4.05174
0.0501187, 4.07455
0.0530884, 4.0971
0.0562341, 4.11986
0.0595662, 4.14345
0.0630957, 4.16854
0.0668344, 4.19655
0.0707946, 4.23093
0.0749894, 4.27596
0.0794328, 4.33495
0.0841395, 4.40527
0.0891251, 4.48248
0.0944061, 4.56881
0.1, 4.67508
0.105925, 4.7968
0.112202, 5.00266
0.11885, 5.41135
0.125892, 5.9174
0.133352, 6.47829
0.141254, 7.17981
0.149624, 7.85646
0.158489, 8.35094
0.167881, 8.56448
0.177828, 8.5431
0.188365, 8.41707
0.199526, 8.29839
0.211349, 8.23215
0.223872, 8.21437
0.237138, 8.22517
0.251189, 8.24774
0.266072, 8.27302
0.281838, 8.29796
0.298538, 8.32271
0.316228, 8.34848
0.334966, 8.37642
0.354814, 8.40712
0.375837, 8.44062
0.398107, 8.47644
0.421696, 8.51387
0.446684, 8.55201
0.473152, 8.58977
0.501187, 8.62648
0.530885, 8.66162
0.562341, 8.6949
0.595662, 8.72643
0.630958, 8.75649
0.668344, 8.78579
0.707946, 8.81487
0.749894, 8.84423
0.794328, 8.87419
0.841395, 8.90481
0.891251, 8.93593
0.944062, 8.9672
1.0, 8.99818
1.05925, 9.02837
1.12202, 9.05732
1.1885, 9.08465
1.25893, 9.11007
1.33352, 9.13336
1.41254, 9.15442
1.49624, 9.17323
1.58489, 9.18985
1.67881, 9.20436
1.77828, 9.21692
1.88365, 9.22769
1.99526, 9.23685
2.11349, 9.24459
2.23872, 9.25109
2.37138, 9.25653
2.51189, 9.26102
2.81838, 9.26791
3.16228, 9.2726
3.54814, 9.27591
3.98107, 9.27828
4.46684, 9.28006
5.01187, 9.28149
5.62341, 9.28283
6.30958, 9.28446
7.07946, 9.28708
7.94329, 9.29181
8.91251, 9.30021
10.0, 9.31417
10.5925, 9.32373
11.2202, 9.33528
11.885, 9.34891
12.5892, 9.3647
13.3352, 9.38268
14.1254, 9.40285
14.9624, 9.42515
15.8489, 9.44954
16.788, 9.47597
17.7828, 9.50437
18.8365, 9.53471
19.9526, 9.56693
21.1349, 9.60096
22.3872, 9.63672
23.7137, 9.67406
25.1189, 9.7128
26.6072, 9.75271
28.1838, 9.79348
29.8539, 9.83475
31.6228, 9.8761
33.4965, 9.91712
35.4813, 9.95736
37.5837, 9.99639
39.8107, 10.0338
42.1696, 10.0693
44.6684, 10.1025
47.3151, 10.1333
50.1187, 10.1614
53.0884, 10.1869
56.2341, 10.2098
59.5664, 10.23
63.0957, 10.2477
66.8344, 10.263
70.7946, 10.2762
74.9894, 10.2874
79.4328, 10.2968
84.1395, 10.3047
89.1251, 10.3112
94.4061, 10.3165
100.0, 10.3208
105.925, 10.3243
112.202, 10.327
118.85, 10.3292
125.892, 10.3309
133.352, 10.3322
141.254, 10.3332
149.624, 10.334
158.489, 10.3346
167.88, 10.335
177.828, 10.3353
188.366, 10.3355
199.526, 10.3357
211.349, 10.3358
223.873, 10.3358
237.137, 10.3359
251.189, 10.3359
266.072, 10.3359
281.838, 10.3359
298.538, 10.3359
316.228, 10.3359
334.966, 10.3359
354.813, 10.3359
375.839, 10.3359
398.107, 10.3359
421.697, 10.3359
446.685, 10.3359
473.152, 10.3359
501.187, 10.3358
530.884, 10.3358
562.341, 10.3358
595.662, 10.3358
630.957, 10.3358
668.344, 10.3358
707.946, 10.3358
749.894, 10.3358
794.328, 10.3358
841.397, 10.3358
891.253, 10.3358
944.061, 10.3358
1000.0, 10.3358
1059.25, 10.3358
1122.02, 10.3358
1188.5, 10.3358
1258.93, 10.3358
1333.52, 10.3359
1412.54, 10.3359
1496.23, 10.3359
1584.89, 10.3359
1678.81, 10.3359
1778.28, 10.3359
1883.65, 10.3359
1995.26, 10.3359
2113.49, 10.3359
2238.72, 10.3359
2371.37, 10.3359
2511.89, 10.3359
2660.72, 10.3359
2818.4, 10.3359
2985.38, 10.3359
3162.28, 10.3359
3349.66, 10.3359
3548.14, 10.3359
3758.37, 10.3359
3981.07, 10.3359
4216.97, 10.3359
4466.84, 10.3359
4731.51, 10.3359
5011.87, 10.3359
5308.84, 10.3359
5623.43, 10.3359
5956.64, 10.3359
6309.59, 10.3359
6683.46, 10.3359
7079.46, 10.3359
7498.94, 10.3359
7943.28, 10.3359
8413.95, 10.3359
8912.53, 10.3359
9440.61, 10.3359
10000.0, 10.3359
10592.6, 10.3359
11220.2, 10.3359
11885.0, 10.3359
12589.2, 10.3359