1.000000000000000082e-05,1.450524471495634486e+02
1.020960662306047607e-05,1.421386603467021814e+02
1.042360673976401146e-05,1.392604517418135686e+02
1.064209244064724650e-05,1.364252344577891165e+02
1.086515774652537261e-05,1.336343890348344701e+02
1.109289864895222712e-05,1.308931861174613118e+02
1.132541315152812671e-05,1.282059066254579989e+02
1.156280131207375302e-05,1.255737903153092816e+02
1.180516528568805612e-05,1.229957247931827453e+02
1.205260936870841401e-05,1.204705712127598360e+02
1.230524004359261647e-05,1.179972753643342003e+02
1.256316602474121465e-05,1.155747524991411268e+02
1.282649830528059917e-05,1.132019590664639708e+02
1.309535020482667643e-05,1.108778906157057378e+02
1.336983741824945150e-05,1.086015208328960000e+02
1.365007806546013744e-05,1.063719002802891254e+02
1.393619274224143468e-05,1.041880495722873405e+02
1.422830457214351858e-05,1.020490299561572272e+02
1.452653925946781202e-05,9.995393412128676403e+01
1.483102514336102853e-05,9.790183750202086799e+01
1.514189325304351951e-05,9.589188468733850357e+01
1.545927736419478539e-05,9.392319161007425521e+01
1.578331405652116359e-05,9.199491380603105029e+01
1.611414277253019959e-05,9.010623163852518758e+01
1.645190587753660725e-05,8.825631248981179056e+01
1.679674872092653225e-05,8.644438503100987248e+01
1.714881969870540916e-05,8.466965178252590363e+01
1.750827031735723228e-05,8.293135300001662813e+01
1.787525525904235524e-05,8.122874780423258301e+01
1.824993244816150412e-05,7.956108745496000267e+01
1.863246311931559903e-05,7.792767547618608148e+01
1.902301188668945850e-05,7.632779267955271507e+01
1.942174681489024571e-05,7.476075570440009699e+01
1.982883949127071257e-05,7.322589502402354356e+01
2.024446509976801623e-05,7.172253657233697766e+01
2.066880249629082024e-05,7.025005233243923897e+01
2.110203428568596656e-05,6.880779331876213689e+01
2.154434690031882321e-05,6.739514500839153754e+01
2.199593068030074845e-05,6.601150232899425419e+01
2.245697995539776298e-05,6.465625831617447261e+01
2.292769312865648647e-05,6.332884673904676021e+01
2.340827276178294449e-05,6.202868217893743008e+01
2.389892566231047836e-05,6.075521167241200260e+01
2.439986297259550131e-05,5.950788867149757522e+01
2.491130026067790961e-05,5.828616656820601349e+01
2.543345761304648090e-05,5.708953475436873504e+01
2.596655972934872479e-05,5.591746515276552998e+01
2.651083601908536211e-05,5.476946029060898979e+01
2.706652070033241139e-05,5.364502644098644168e+01
2.763385290053172626e-05,5.254367131924345813e+01
2.821307675939470740e-05,5.146493455230466907e+01
2.880444153396297702e-05,5.040833933104632791e+01
2.940820170587060722e-05,4.937343928865116993e+01
3.002461709085549186e-05,4.835978728834449925e+01
3.065395295056530018e-05,4.736694029524278449e+01
3.129648010670750265e-05,4.639448326546924761e+01
3.195247505759213607e-05,4.544198606403443108e+01
3.262222009711666644e-05,4.450904705102214365e+01
3.330600343624588548e-05,4.359526238166604628e+01
3.400411932703709724e-05,4.270023307676792257e+01
3.471686818926559409e-05,4.182358482457737381e+01
3.544455673970435463e-05,4.096492969613134250e+01
3.618749812411276967e-05,4.012390624506842585e+01
3.694601205199302477e-05,3.930014972443018451e+01
3.772042493417001620e-05,3.849330090724263442e+01
3.851107002325568519e-05,3.770302209989304032e+01
3.931828755705769966e-05,3.692896355673237707e+01
4.014242490499317844e-05,3.617079987781394834e+01
4.098383671757261184e-05,3.542820171061040213e+01
4.184288507901584570e-05,3.470084565629397133e+01
4.271993966306776293e-05,3.398842696815465558e+01
4.361537789208005635e-05,3.329063036259061903e+01
4.452958509942659792e-05,3.260716288912022520e+01
4.546295469532399562e-05,3.193772716484100727e+01
4.641588833612781789e-05,3.128203206727910057e+01
4.738879609717651056e-05,3.063980256050705719e+01
4.838209664925957121e-05,3.001075438225867842e+01
4.939621743878325959e-05,2.939462385201486327e+01
5.043159487171358695e-05,2.879114242651172262e+01
5.148867450137497919e-05,2.820004809008142743e+01
5.256791122018419400e-05,2.762109254946994952e+01
5.366976945540475778e-05,2.705401957756350839e+01
5.479472336900292591e-05,2.649859177024671197e+01
5.594325706169377268e-05,2.595456667789909133e+01
5.711586478126435033e-05,2.542170847220010543e+01
5.831305113526218489e-05,2.489979297999595076e+01
5.953533130814369864e-05,2.438858931670414876e+01
6.078323128297236501e-05,2.388788362824257661e+01
6.205728806776500081e-05,2.339745708157860804e+01
6.335804992658254750e-05,2.291709743849382264e+01
6.468607661546321112e-05,2.244660227811966990e+01
6.604193962330304700e-05,2.198576354898666807e+01
6.742622241778349222e-05,2.153438862257585029e+01
6.883952069645495682e-05,2.109227997979092706e+01
7.028244264308352554e-05,2.065924662084535868e+01
7.175560918936921718e-05,2.023510572339955260e+01
7.325965428215229914e-05,1.981966986270596109e+01
7.479522515621828658e-05,1.941276551776487835e+01
7.636298261282241959e-05,1.901421438797547836e+01
7.796360130405236585e-05,1.862384459505222267e+01
7.959777002314977982e-05,1.824149104617139372e+01
8.126619200091945365e-05,1.786698486192381452e+01
8.296958520834915780e-05,1.750016975573301181e+01
8.470868266557402936e-05,1.714088474393503247e+01
8.648423275731726594e-05,1.678897519312025821e+01
8.829699955494083421e-05,1.644429201064132684e+01
9.014776314524917239e-05,1.610668301423894988e+01
9.203731996618230639e-05,1.577600745474359023e+01
9.396648314954690162e-05,1.545211996928973619e+01
9.593608287093146887e-05,1.513488146986183658e+01
9.794696670695385331e-05,1.482415727211157908e+01
1.000000000000000048e-04,1.451981030538602724e+01
1.020960662306046523e-04,1.422171370363959753e+01
1.042360673976401179e-04,1.392973630661199103e+01
1.064209244064724582e-04,1.364375297779937135e+01
1.086515774652538379e-04,1.336364199096670369e+01
1.109289864895222780e-04,1.308928007052508669e+01
1.132541315152811519e-04,1.282055265575976755e+01
1.156280131207375404e-04,1.255734149205792960e+01
1.180516528568805612e-04,1.229953399506971223e+01
1.205260936870842587e-04,1.204702017473622710e+01
1.230524004359261579e-04,1.179968905570257043e+01
1.256316602474121533e-04,1.155743732555299630e+01
1.282649830528059917e-04,1.132015827101662886e+01
1.309535020482667609e-04,1.108775065839967588e+01
1.336983741824946607e-04,1.086011507664488995e+01
1.365007806546013845e-04,1.063715160771604396e+01
1.393619274224143468e-04,1.041876710210333989e+01
1.422830457214352027e-04,1.020486528218161304e+01
1.452653925946781202e-04,9.995355080874158915e+00
1.483102514336104446e-04,9.790146680781303345e+00
1.514189325304352018e-04,9.589150103573256700e+00
1.545927736419478403e-04,9.392281361403551188e+00
1.578331405652116427e-04,9.199453605228296027e+00
1.611414277253019891e-04,9.010584896466170335e+00
1.645190587753662351e-04,8.825594104607404233e+00
1.679674872092653225e-04,8.644400194950749849e+00
1.714881969870540781e-04,8.466927432294173883e+00
1.750827031735723363e-04,8.293097407935908549e+00
1.787525525904235457e-04,8.122836603468487127e+00
1.824993244816152445e-04,7.956071533570494125e+00
1.863246311931559835e-04,7.792729278621306932e+00
1.902301188668945714e-04,7.632741560551109750e+00
1.942174681489024571e-04,7.476037640723286692e+00
1.982883949127071325e-04,7.322551370937941506e+00
2.024446509976803791e-04,7.172216384068391015e+00
2.066880249629082160e-04,7.024966999769264753e+00
2.110203428568596521e-04,6.880741654150310360e+00
2.154434690031882321e-04,6.739476540206023714e+00
2.199593068030074913e-04,6.601112134125409980e+00
2.245697995539773994e-04,6.465588495231615163e+00
2.292769312865648647e-04,6.332846479041738696e+00
2.340827276178294449e-04,6.202830554966098475e+00
2.389892566231047904e-04,6.075483185958438170e+00
2.439986297259550199e-04,5.950750798068387581e+00
2.491130026067788590e-04,5.828579254957772626e+00
2.543345761304648361e-04,5.708915311133982762e+00
2.596655972934872546e-04,5.591708860065168984e+00
2.651083601908536076e-04,5.476908033874217985e+00
2.706652070033241072e-04,5.364464596849282785e+00
2.763385290053169780e-04,5.254329670021408383e+00
2.821307675939470740e-04,5.146455317846885258e+00
2.880444153396297634e-04,5.040796323052727956e+00
2.940820170587060450e-04,4.937305923012625719e+00
3.002461709085549389e-04,4.835940698004100646e+00
3.065395295056526901e-04,4.736656511134026637e+00
3.129648010670750265e-04,4.639410215120383540e+00
3.195247505759213607e-04,4.544160995620066146e+00
3.262222009711669896e-04,4.450866693644432992e+00
3.330600343624588820e-04,4.359488225887372614e+00
3.400411932703705929e-04,4.269985738165090083e+00
3.471686818926559680e-04,4.182320396548696806e+00
3.544455673970435734e-04,4.096455353548684286e+00
3.618749812411280490e-04,4.012352613861084549e+00
3.694601205199302477e-04,3.929976979750809285e+00
3.772042493416997554e-04,3.849292475225930321e+00
3.851107002325568655e-04,3.770264148385083836e+00
3.931828755705770373e-04,3.692858729341780055e+00
4.014242490499322046e-04,3.617041981225226799e+00
4.098383671757261184e-04,3.542782198350127310e+00
4.184288507901584705e-04,3.470046908081920289e+00
4.271993966306776428e-04,3.398804656678080516e+00
4.361537789208005771e-04,3.329025398627213139e+00
4.452958509942655184e-04,3.260678286863625708e+00
4.546295469532399291e-04,3.193734762192677934e+00
4.641588833612782196e-04,3.128165512647592905e+00
4.738879609717650920e-04,3.063942233137038063e+00
4.838209664925957392e-04,3.001037788205912715e+00
4.939621743878321080e-04,2.939424387905653191e+00
5.043159487171358559e-04,2.879076306654030581e+00
5.148867450137497919e-04,2.819967082723443319e+00
5.256791122018419265e-04,2.762071246190646256e+00
5.366976945540475642e-04,2.705364294638544553e+00
5.479472336900287170e-04,2.649821185047865679e+00
5.594325706169377133e-04,2.595418747710967367e+00
5.711586478126434762e-04,2.542133091803448153e+00
5.831305113526218760e-04,2.489941304160292912e+00
5.953533130814370406e-04,2.438821253380699439e+00
6.078323128297229453e-04,2.388750377116229284e+00
6.205728806776500623e-04,2.339707803568770839e+00
6.335804992658254208e-04,2.291671963963336722e+00
6.468607661546321112e-04,2.244622247880758259e+00
6.604193962330305243e-04,2.198538662467726557e+00
6.742622241778341904e-04,2.153400888299106253e+00
6.883952069645496224e-04,2.109190106505647311e+00
7.028244264308353096e-04,2.065886860235278455e+00
7.175560918936921447e-04,2.023472606356837566e+00
7.325965428215230456e-04,1.981929273579388529e+00
7.479522515621820798e-04,1.941238589204449694e+00
7.636298261282241416e-04,1.901383560153161456e+00
7.796360130405237399e-04,1.862346641080489418e+00
7.959777002314977982e-04,1.824111151703230904e+00
8.126619200091945907e-04,1.786660761932574282e+00
8.296958520834906564e-04,1.749979021799431989e+00
8.470868266557402123e-04,1.714050607850295949e+00
8.648423275731726865e-04,1.678859686891599923e+00
8.829699955494082608e-04,1.644391260295976931e+00
9.014776314524917782e-04,1.610630568907946980e+00
9.203731996618220610e-04,1.577562800666922227e+00
9.396648314954690433e-04,1.545174140048432010e+00
9.593608287093146345e-04,1.513450304104331456e+00
9.794696670695395360e-04,1.482377797073535453e+00
1.000000000000000021e-03,1.451943287013739203e+00
1.020960662306046604e-03,1.422133434882651981e+00
1.042360673976401152e-03,1.392935782483068374e+00
1.064209244064724582e-03,1.364337446041146151e+00
1.086515774652538433e-03,1.336326283634315271e+00
1.109289864895222780e-03,1.308890252037368418e+00
1.132541315152811546e-03,1.282017338013577534e+00
1.156280131207375458e-03,1.255696308512735726e+00
1.180516528568805639e-03,1.229915530932433665e+00
1.205260936870842505e-03,1.204664110829701151e+00
1.230524004359261634e-03,1.179931141138036876e+00
1.256316602474120232e-03,1.155705810443482306e+00
1.282649830528059809e-03,1.131977992147243262e+00
1.309535020482667771e-03,1.108737191845287295e+00
1.336983741824946661e-03,1.085973607014836251e+00
1.365007806546013683e-03,1.063677386577679629e+00
1.393619274224142113e-03,1.041838793961443965e+00
1.422830457214352027e-03,1.020448696808064604e+00
1.452653925946781202e-03,9.994976300881697195e-01
1.483102514336104337e-03,9.789767724160863827e-01
1.514189325304352018e-03,9.588772265795167948e-01
1.545927736419476940e-03,9.391902257072585192e-01
1.578331405652118108e-03,9.199075312147306782e-01
1.611414277253019837e-03,9.010206093639245850e-01
1.645190587753662514e-03,8.825215190684032596e-01
1.679674872092653225e-03,8.644022258964464411e-01
1.714881969870539046e-03,8.466548374925633169e-01
1.750827031735725098e-03,8.292719191838119341e-01
1.787525525904235402e-03,8.122457782156049522e-01
1.824993244816152391e-03,7.955692651388166503e-01
1.863246311931559835e-03,7.792351255675300514e-01
1.902301188668943871e-03,7.632362546221684863e-01
1.942174681489026522e-03,7.475659426857489409e-01
1.982883949127071596e-03,7.322172538857182333e-01
2.024446509976803900e-03,7.171837530811374650e-01
2.066880249629082268e-03,7.024588893386589650e-01
2.110203428568594407e-03,6.880362681701017724e-01
2.154434690031884272e-03,6.739098324094757730e-01
2.199593068030074750e-03,6.600733299911712981e-01
2.245697995539773940e-03,6.465209673751166619e-01
2.292769312865648810e-03,6.332468300603296685e-01
2.340827276178291793e-03,6.202451625012648240e-01
2.389892566231050126e-03,6.075104961621430322e-01
2.439986297259550199e-03,5.950371971013881378e-01
2.491130026067788373e-03,5.828200467697082221e-01
2.543345761304648036e-03,5.708537066165420004e-01
2.596655972934869619e-03,5.591329968175131615e-01
2.651083601908538895e-03,5.476529795464800676e-01
2.706652070033241288e-03,5.364085779875785720e-01
2.763385290053169997e-03,5.253950915061951221e-01
2.821307675939470957e-03,5.146077015515917452e-01
2.880444153396298067e-03,5.040417466179730743e-01
2.940820170587063812e-03,4.936927670224095510e-01
3.002461709085549064e-03,4.835561892093341863e-01
3.065395295056526793e-03,4.736277788285864210e-01
3.129648010670750373e-03,4.639031862225816427e-01
3.195247505759213607e-03,4.543782165504205994e-01
3.262222009711669788e-03,4.450488424483126093e-01
3.330600343624588386e-03,4.359109431294157511e-01
3.400411932703706255e-03,4.269607047118778032e-01
3.471686818926559247e-03,4.181942000380848845e-01
3.544455673970435625e-03,4.096076549735547245e-01
3.618749812411280273e-03,4.011974327047292954e-01
3.694601205199302477e-03,3.929598197163755025e-01
3.772042493416997554e-03,3.848913812658396050e-01
3.851107002325568872e-03,3.769885714054933001e-01
3.931828755705770589e-03,3.692479952824518352e-01
4.014242490499322046e-03,3.616663676012406015e-01
4.098383671757261509e-03,3.542403434121960681e-01
4.184288507901580585e-03,3.469668272484986438e-01
4.271993966306776754e-03,3.398426191429342880e-01
4.361537789208005771e-03,3.328646649152086634e-01
4.452958509942655727e-03,3.260299954383056309e-01
4.546295469532399616e-03,3.193356022306000908e-01
4.641588833612777208e-03,3.127786902169957806e-01
4.738879609717651029e-03,3.063563742537243062e-01
4.838209664925957609e-03,3.000659065023139616e-01
4.939621743878320863e-03,2.939046041502615947e-01
5.043159487171358993e-03,2.878697588143870889e-01
5.148867450137492065e-03,2.819588498339035132e-01
5.256791122018424252e-03,2.761692738292410576e-01
5.366976945540476510e-03,2.704985597776741746e-01
5.479472336900287170e-03,2.649442829729968807e-01
5.594325706169377133e-03,2.595040050217717331e-01
5.711586478126429341e-03,2.541754531351632651e-01
5.831305113526225048e-03,2.489562783711531946e-01
5.953533130814370189e-03,2.438442581154338928e-01
6.078323128297229670e-03,2.388372014744892802e-01
6.205728806776500406e-03,2.339329126629191569e-01
6.335804992658247703e-03,2.291293424604360085e-01
6.468607661546327617e-03,2.244243719784618507e-01
6.604193962330305243e-03,2.198160013656485501e-01
6.742622241778342337e-03,2.153022515965064554e-01
6.883952069645496441e-03,2.108811451798570935e-01
7.028244264308345507e-03,2.065508342460332658e-01
7.175560918936928385e-03,2.023094058292794761e-01
7.325965428215230023e-03,1.981550655505589509e-01
7.479522515621821015e-03,1.940860209002496228e-01
7.636298261282242067e-03,1.901004924496185466e-01
7.796360130405228725e-03,1.861968142321565878e-01
7.959777002314986222e-03,1.823732603893997717e-01
8.126619200091946341e-03,1.786282165174858383e-01
8.296958520834906564e-03,1.749600636814079291e-01
8.470868266557402340e-03,1.713671990687063995e-01
8.648423275731717541e-03,1.678481206101815337e-01
8.829699955494091715e-03,1.644012715270509184e-01
9.014776314524916914e-03,1.610251990858577731e-01
9.203731996618221695e-03,1.577184411466943936e-01
9.396648314954691300e-03,1.544795543308422892e-01
9.593608287093146128e-03,1.513071838537383140e-01
9.794696670695395360e-03,1.481999258256746499e-01
1.000000000000000021e-02,1.451564728206156396e-01
1.020960662306046561e-02,1.421755042176883754e-01
1.042360673976401239e-02,1.392557205859895064e-01
1.064209244064724669e-02,1.363958995287954667e-01
1.086515774652538346e-02,1.335947754486779548e-01
1.109289864895222737e-02,1.308511711968870228e-01
1.132541315152811416e-02,1.281638944081680553e-01
1.156280131207375328e-02,1.255317752283283961e-01
1.180516528568805595e-02,1.229537105250237961e-01
1.205260936870842549e-02,1.204285593339055466e-01
1.230524004359261590e-02,1.179552619720884710e-01
1.256316602474120102e-02,1.155327417902466541e-01
1.282649830528059809e-02,1.131599457429956074e-01
1.309535020482667685e-02,1.108358781665509385e-01
1.336983741824946531e-02,1.085595103796304639e-01
1.365007806546013856e-02,1.063298885847601405e-01
1.393619274224142113e-02,1.041460405467645872e-01
1.422830457214351897e-02,1.020070185112843669e-01
1.452653925946781159e-02,9.991192360632242253e-02
1.483102514336104467e-02,9.785982868881121233e-02
1.514189325304352018e-02,9.584987485594677337e-02
1.545927736419477026e-02,9.388118444255354189e-02
1.578331405652116590e-02,9.195290443020710802e-02
1.611414277253019750e-02,9.006422322331435193e-02
1.645190587753662601e-02,8.821430540671211518e-02
1.679674872092653051e-02,8.640237727257468747e-02
1.714881969870539133e-02,8.462764663361214967e-02
1.750827031735725098e-02,8.288934583321397320e-02
1.787525525904235316e-02,8.118674196862016301e-02
1.824993244816152521e-02,7.951908229627666080e-02
1.863246311931559748e-02,7.788566990217320185e-02
1.902301188668944001e-02,7.628578971966579192e-02
1.942174681489026306e-02,7.471875093206105378e-02
1.982883949127071249e-02,7.318389160586288855e-02
2.024446509976803726e-02,7.168053361480690444e-02
2.066880249629082095e-02,7.020804918338519052e-02
2.110203428568594233e-02,6.876579279593082739e-02
2.154434690031884619e-02,6.735314281080825860e-02
2.199593068030074663e-02,6.596950151923514083e-02
2.245697995539773853e-02,6.461425784709717846e-02
2.292769312865648723e-02,6.328684637717740813e-02
2.340827276178291880e-02,6.198668430740769675e-02
2.389892566231050300e-02,6.071321238745228110e-02
2.439986297259550199e-02,5.946589077626891762e-02
2.491130026067788633e-02,5.824416888166568385e-02
2.543345761304648123e-02,5.704753743810041938e-02
2.596655972934869619e-02,5.587547022611955710e-02
2.651083601908538895e-02,5.472746421905476388e-02
2.706652070033241375e-02,5.360303155621284898e-02
2.763385290053169824e-02,5.250167691971562023e-02
2.821307675939470697e-02,5.142294060601296235e-02
2.880444153396297807e-02,5.036634809695483828e-02
2.940820170587063812e-02,4.933144680604486382e-02
3.002461709085549324e-02,4.831779594703695946e-02
3.065395295056526706e-02,4.732494958309555605e-02
3.129648010670750546e-02,4.635249310493091968e-02
3.195247505759213347e-02,4.539999847494517737e-02
3.262222009711669701e-02,4.446705854431126648e-02
3.330600343624588733e-02,4.355327501196058076e-02
3.400411932703706341e-02,4.265824643121127191e-02
3.471686818926559420e-02,4.178159891580962571e-02
3.544455673970435539e-02,4.092294618954683827e-02
3.618749812411280187e-02,4.008192217207225128e-02
3.694601205199302130e-02,3.925816686261025812e-02
3.772042493416997294e-02,3.845131879444045608e-02
3.851107002325569045e-02,3.766104087519490246e-02
3.931828755705769896e-02,3.688698463552003703e-02
4.014242490499322219e-02,3.612882069798707685e-02
4.098383671757261509e-02,3.538622385408968229e-02
4.184288507901580412e-02,3.465886858751326266e-02
4.271993966306776580e-02,3.394645093742949815e-02
4.361537789208005944e-02,3.324865656697489208e-02
4.452958509942655380e-02,3.256518912952505174e-02
4.546295469532399269e-02,3.189575486083331274e-02
4.641588833612777382e-02,3.124006060244515284e-02
4.738879609717651376e-02,3.059783226996957636e-02
4.838209664925956915e-02,2.996878630464072310e-02
4.939621743878321036e-02,2.935265608912962509e-02
5.043159487171358646e-02,2.874917628184484736e-02
5.148867450137492585e-02,2.815808281729238055e-02
5.256791122018424772e-02,2.757912861534345811e-02
5.366976945540476163e-02,2.701205763617807107e-02
5.479472336900287344e-02,2.645663063630815381e-02
5.594325706169377826e-02,2.591260731787766239e-02
5.711586478126429167e-02,2.537975007294967014e-02
5.831305113526224354e-02,2.485783609174735745e-02
5.953533130814370189e-02,2.434663444056396966e-02
6.078323128297229844e-02,2.384592982769158723e-02
6.205728806776500406e-02,2.335550522208300339e-02
6.335804992658247703e-02,2.287514667416847697e-02
6.468607661546327270e-02,2.240465318914169196e-02
6.604193962330305590e-02,2.194381654648509122e-02
6.742622241778342684e-02,2.149244295160559343e-02
6.883952069645496441e-02,2.105033640859741567e-02
7.028244264308344813e-02,2.061730430977933015e-02
7.175560918936928212e-02,2.019316527791023205e-02
7.325965428215229502e-02,1.977773161472849012e-02
7.479522515621821188e-02,1.937082883843653167e-02
7.636298261282241373e-02,1.897227998573770141e-02
7.796360130405229072e-02,1.858191166260702784e-02
7.959777002314985528e-02,1.819956018528648412e-02
8.126619200091945994e-02,1.782505632313365757e-02
8.296958520834907258e-02,1.745824302583928733e-02
8.470868266557401993e-02,1.709896049052902697e-02
8.648423275731717541e-02,1.674705265796428907e-02
8.829699955494091368e-02,1.640237176543402065e-02
9.014776314524917955e-02,1.606476526034772423e-02
9.203731996618221001e-02,1.573409175819917918e-02
9.396648314954690606e-02,1.541020697864790671e-02
9.593608287093147169e-02,1.509297045440972929e-02
9.794696670695395013e-02,1.478224878559021745e-02
1.000000000000000056e-01,1.447790449636572087e-02
1.020960662306047567e-01,1.417981024266742537e-02
1.042360673976401170e-01,1.388783578930768807e-02
1.064209244064724669e-01,1.360185471922433810e-02
1.086515774652537236e-01,1.332174658037342529e-02
1.109289864895222771e-01,1.304738749237413335e-02
1.132541315152812700e-01,1.277866274860356942e-02
1.156280131207375328e-01,1.251545479877016337e-02
1.180516528568805595e-01,1.225764987642049067e-02
1.205260936870841404e-01,1.200513914955312483e-02
1.230524004359261625e-01,1.175781115494284670e-02
1.256316602474121524e-01,1.151556242537011242e-02
1.282649830528059809e-01,1.127828689699054282e-02
1.309535020482667789e-01,1.104588219296076014e-02
1.336983741824945282e-01,1.081825003191685258e-02
1.365007806546013891e-01,1.059528997885442712e-02
1.393619274224143501e-01,1.037690884930055589e-02
1.422830457214351862e-01,1.016301088176693040e-02
1.452653925946781333e-01,9.953503962322756901e-03
1.483102514336102906e-01,9.748299344781623590e-03
1.514189325304352018e-01,9.547306517981855520e-03
1.545927736419478449e-01,9.350441561368666096e-03
1.578331405652116382e-01,9.157618011821026111e-03
1.611414277253019889e-01,8.968753009830859532e-03
1.645190587753660727e-01,8.783766388943205911e-03
1.679674872092653259e-01,8.602576617243347379e-03
1.714881969870540868e-01,8.425108074305180661e-03
1.750827031735723294e-01,8.251282723272648778e-03
1.787525525904235524e-01,8.081026023195549482e-03
1.824993244816150439e-01,7.914265553235044770e-03
1.863246311931559818e-01,7.750927894743981500e-03
1.902301188668945875e-01,7.590944855308445240e-03
1.942174681489024501e-01,7.434246044650765113e-03
1.982883949127071388e-01,7.280764399346432124e-03
2.024446509976801645e-01,7.130434483890668584e-03
2.066880249629081956e-01,6.983190201219935909e-03
2.110203428568596662e-01,6.838970053590810380e-03
2.154434690031882260e-01,6.697710531026675705e-03
2.199593068030074872e-01,6.559351320077217926e-03
2.245697995539771563e-01,6.423833283066430859e-03
2.292769312865648723e-01,6.291096915232810907e-03
2.340827276178294447e-01,6.161086764880618558e-03
2.389892566231047732e-01,6.033745525717405453e-03
2.439986297259550130e-01,5.909018954208839804e-03
2.491130026067790992e-01,5.786853610997436462e-03
2.543345761304648400e-01,5.667195913603630120e-03
2.596655972934872603e-01,5.549995866059079762e-03
2.651083601908535980e-01,5.435201775378426144e-03
2.706652070033241375e-01,5.322764833450624282e-03
2.763385290053172461e-01,5.212636770051532614e-03
2.821307675939470627e-01,5.104769330542246672e-03
2.880444153396297668e-01,4.999117431360063958e-03
2.940820170587060689e-01,4.895634442949012809e-03
3.002461709085549324e-01,4.794276455981349994e-03
3.065395295056529967e-01,4.694999865817423880e-03
3.129648010670750269e-01,4.597761213793026373e-03
3.195247505759213347e-01,4.502519853553304391e-03
3.262222009711666648e-01,4.409233718388371609e-03
3.330600343624588455e-01,4.317863301247785307e-03
3.400411932703709672e-01,4.228369222467537498e-03
3.471686818926559281e-01,4.140712335745676438e-03
3.544455673970435816e-01,4.054855995795778739e-03
3.618749812411276578e-01,3.970762258721611052e-03
3.694601205199302685e-01,3.888395568017170845e-03
3.772042493417001596e-01,3.807720365145316442e-03
3.851107002325568907e-01,3.728701395248136367e-03
3.931828755705770173e-01,3.651305608699298086e-03
4.014242490499317917e-01,3.575498788769506178e-03
4.098383671757261371e-01,3.501248931154968443e-03
4.184288507901584575e-01,3.428523925768361871e-03
4.271993966306776858e-01,3.357292030763442577e-03
4.361537789208005944e-01,3.287523407445025730e-03
4.452958509942651077e-01,3.219187274769935193e-03
4.546295469532399269e-01,3.152254749583918540e-03
4.641588833612781961e-01,3.086696867052396345e-03
4.738879609717651098e-01,3.022485049572681565e-03
4.838209664925957054e-01,2.959592371597705770e-03
4.939621743878315763e-01,2.897991082815628422e-03
5.043159487171359201e-01,2.837655181259564775e-03
5.148867450137497581e-01,2.778558517205859286e-03
5.256791122018419360e-01,2.720675365198118797e-03
5.366976945540475885e-01,2.663981426030782862e-03
5.479472336900281793e-01,2.608451678257059803e-03
5.594325706169377410e-01,2.554062718344436191e-03
5.711586478126434718e-01,2.500790936449413370e-03
5.831305113526218387e-01,2.448613178530599250e-03
5.953533130814370189e-01,2.397507509953411206e-03
6.078323128297223876e-01,2.347451375622471026e-03
6.205728806776500406e-01,2.298423706614180322e-03
6.335804992658253809e-01,2.250403187949438777e-03
6.468607661546320609e-01,2.203368980997976682e-03
6.604193962330304757e-01,2.157301283261300624e-03
6.742622241778335468e-01,2.112179767766092075e-03
6.883952069645495886e-01,2.067985463398949036e-03
7.028244264308353140e-01,2.024699127107112192e-03
7.175560918936920718e-01,1.982302007558594831e-03
7.325965428215229780e-01,1.940776225126429394e-03
7.479522515621829237e-01,1.900103460774694867e-03
7.636298261282241651e-01,1.860266634074529603e-03
7.796360130405236566e-01,1.821248371832639686e-03
7.959777002314977201e-01,1.783031802010950082e-03
8.126619200091945716e-01,1.745600777909669336e-03
8.296958520834915030e-01,1.708938794649906548e-03
8.470868266557401993e-01,1.673030472548337096e-03
8.648423275731726978e-01,1.637860125900344717e-03
8.829699955494082486e-01,1.603412574036743293e-03
9.014776314524917122e-01,1.569673238332238438e-03
9.203731996618230715e-01,1.536627245684792217e-03
9.396648314954690884e-01,1.504260738033231203e-03
9.593608287093147169e-01,1.472559584003299950e-03
9.794696670695385299e-01,1.441510096139069158e-03
1.000000000000000000e+00,1.411099119977360372e-03
1.020960662306047650e+00,1.381313254245056981e-03
1.042360673976401086e+00,1.352140021646822295e-03
1.064209244064724613e+00,1.323566661282392538e-03
1.086515774652537347e+00,1.295580863651139922e-03
1.109289864895222744e+00,1.268170746945813899e-03
1.132541315152812755e+00,1.241324241897593132e-03
1.156280131207375383e+00,1.215030103516227247e-03
1.180516528568805512e+00,1.189276819249552924e-03
1.205260936870841348e+00,1.164053315378747169e-03
1.230524004359261570e+00,1.139348858551615749e-03
1.256316602474121469e+00,1.115152583184569760e-03
1.282649830528059809e+00,1.091454350718945154e-03
1.309535020482667678e+00,1.068243776586040019e-03
1.336983741824945282e+00,1.045510899997241592e-03
1.365007806546013835e+00,1.023246023808920555e-03
1.393619274224143556e+00,1.001439367700218816e-03
1.422830457214351974e+00,9.800817917920018069e-04
1.452653925946781222e+00,9.591639247383010889e-04
1.483102514336102962e+00,9.386768091172570773e-04
1.514189325304351907e+00,9.186116908892915820e-04
1.545927736419478560e+00,8.989597557099149577e-04
1.578331405652116493e+00,8.797127693998787112e-04
1.611414277253019778e+00,8.608622775095238228e-04
1.645190587753660783e+00,8.424002227586551480e-04
1.679674872092653093e+00,8.243186989615025996e-04
1.714881969870540868e+00,8.066097686772461103e-04
1.750827031735723294e+00,7.892660106761460043e-04
1.787525525904235524e+00,7.722797986763387792e-04
1.824993244816150550e+00,7.556438846087352914e-04
1.863246311931559873e+00,7.393511292312892605e-04
1.902301188668945819e+00,7.233943843381651683e-04
1.942174681489024390e+00,7.077669611366821508e-04
1.982883949127071332e+00,6.924619801077187354e-04
2.024446509976801867e+00,6.774729222621000578e-04
2.066880249629082122e+00,6.627933407272555005e-04
2.110203428568596440e+00,6.484167973460659836e-04
2.154434690031882038e+00,6.343372652418115959e-04
2.199593068030074594e+00,6.205485375577073949e-04
2.245697995539771785e+00,6.070447499394075004e-04
2.292769312865648779e+00,5.938200827241458960e-04
2.340827276178294447e+00,5.808687369618543983e-04
2.389892566231047955e+00,5.681852809015671118e-04
2.439986297259550074e+00,5.557641160175737357e-04
2.491130026067791103e+00,5.435999658654161546e-04
2.543345761304648178e+00,5.316875771324281992e-04
2.596655972934872381e+00,5.200217275924032788e-04
2.651083601908536203e+00,5.085975200866679150e-04
2.706652070033241486e+00,4.974099061674326291e-04
2.763385290053172572e+00,4.864541371911412478e-04
2.821307675939470627e+00,4.757254711720065518e-04
2.880444153396297668e+00,4.652192061710168965e-04
2.940820170587060911e+00,4.549309252533739007e-04
3.002461709085549213e+00,4.448560770113519237e-04
3.065395295056529967e+00,4.349903864275879613e-04
3.129648010670750491e+00,4.253295738581073615e-04
3.195247505759213791e+00,4.158694055623210570e-04
3.262222009711666537e+00,4.066058970826386294e-04
3.330600343624588788e+00,3.975349440661623277e-04
3.400411932703709450e+00,3.886526986726703014e-04
3.471686818926559503e+00,3.799552975017799015e-04
3.544455673970435594e+00,3.714389288577171723e-04
3.618749812411276690e+00,3.630999968774876498e-04
3.694601205199302463e+00,3.549348003570237660e-04
3.772042493417001374e+00,3.469398752854965817e-04
3.851107002325568907e+00,3.391117334628577910e-04
3.931828755705770284e+00,3.314469429843644737e-04
4.014242490499317917e+00,3.239422574193844429e-04
4.098383671757261482e+00,3.165943394305749674e-04
4.184288507901584353e+00,3.094000691105491373e-04
4.271993966306776969e+00,3.023562962042371260e-04
4.361537789208005833e+00,2.954599305795668871e-04
4.452958509942650522e+00,2.887080400413539550e-04
4.546295469532399380e+00,2.820976147679900748e-04
4.641588833612781961e+00,2.756258437961013412e-04
4.738879609717651320e+00,2.692898810061939720e-04
4.838209664925956943e+00,2.630869433568960121e-04
4.939621743878315208e+00,2.570143810677811332e-04
5.043159487171358535e+00,2.510694789482982082e-04
5.148867450137498025e+00,2.452497033178820248e-04
5.256791122018419138e+00,2.395524815289481709e-04
5.366976945540476329e+00,2.339753059869984701e-04
5.479472336900281348e+00,2.285157809931646336e-04
5.594325706169377632e+00,2.231714559007794032e-04
5.711586478126434940e+00,2.179400456223143476e-04
5.831305113526219053e+00,2.128192231420068760e-04
5.953533130814370189e+00,2.078067279165820137e-04
6.078323128297223654e+00,2.029003928288672257e-04
6.205728806776500406e+00,1.980980042149208789e-04
6.335804992658253809e+00,1.933974997337850523e-04
6.468607661546320386e+00,1.887967730241708246e-04
6.604193962330305645e+00,1.842937852383647068e-04
6.742622241778335024e+00,1.798865737078977629e-04
6.883952069645496330e+00,1.755731381080099943e-04
7.028244264308352918e+00,1.713516147602766270e-04
7.175560918936921162e+00,1.672200960104516928e-04
7.325965428215230446e+00,1.631767413574682643e-04
7.479522515621813028e+00,1.592197714581567640e-04
7.636298261282241207e+00,1.553473780186673551e-04
7.796360130405236788e+00,1.515578739460476368e-04
7.959777002314977423e+00,1.478495312745291713e-04
8.126619200091946382e+00,1.442206869057626286e-04
8.296958520834914808e+00,1.406697259073320244e-04
8.470868266557403103e+00,1.371950128880356130e-04
8.648423275731726534e+00,1.337950191274507648e-04
8.829699955494083596e+00,1.304681781238978321e-04
9.014776314524917566e+00,1.272129863909641893e-04
9.203731996618230937e+00,1.240279774715116604e-04
9.396648314954690662e+00,1.209116715194848293e-04
9.593608287093147169e+00,1.178626832409616009e-04
9.794696670695385521e+00,1.148795920861768628e-04
1.000000000000000000e+01,1.119610392890961405e-04
1.020960662306047517e+01,1.091056937449356502e-04
1.042360673976401131e+01,1.063122170622266536e-04
1.064209244064724658e+01,1.035793555510663234e-04
1.086515774652537303e+01,1.009058237109447054e-04
1.109289864895222699e+01,9.829039589688170662e-05
1.132541315152812622e+01,9.573186879089489322e-05
1.156280131207375383e+01,9.322903864200880731e-05
1.180516528568805512e+01,9.078078417881131775e-05
1.205260936870841348e+01,8.838596383030638019e-05
1.230524004359261525e+01,8.604350086380411534e-05
1.256316602474121424e+01,8.375234120788160408e-05
1.282649830528059809e+01,8.151143730571876287e-05
1.309535020482667633e+01,7.931981620645766338e-05
1.336983741824945149e+01,7.717648274975123313e-05
1.365007806546013747e+01,7.508050063267497035e-05
1.393619274224143467e+01,7.303094895872766208e-05
1.422830457214351974e+01,7.102691240882836200e-05
1.452653925946781222e+01,6.906754136542642673e-05
1.483102514336102828e+01,6.715196110837556517e-05
1.514189325304351996e+01,6.527935468063212330e-05
1.545927736419478471e+01,6.344891028914882063e-05
1.578331405652116537e+01,6.165982431380299402e-05
1.611414277253019733e+01,5.991134750620766400e-05
1.645190587753660694e+01,5.820270993198676949e-05
1.679674872092653004e+01,5.653319083967326303e-05
1.714881969870540956e+01,5.490206863423312744e-05
1.750827031735723338e+01,5.330863747959387083e-05
1.787525525904235479e+01,5.175222917377018635e-05
1.824993244816150550e+01,5.023216030911926717e-05
1.863246311931559873e+01,4.874779220415998451e-05
1.902301188668945642e+01,4.729847761983933574e-05
1.942174681489024479e+01,4.588358741318591754e-05
1.982883949127071332e+01,4.450251968121473651e-05
2.024446509976801778e+01,4.315465214872834414e-05
2.066880249629081945e+01,4.183941173699287912e-05
2.110203428568596706e+01,4.055618822122941729e-05
2.154434690031882127e+01,3.930438840047655047e-05
2.199593068030074861e+01,3.808343283487898280e-05
2.245697995539771696e+01,3.689273027688595171e-05
2.292769312865648601e+01,3.573171012062748952e-05
2.340827276178294269e+01,3.459979518133986741e-05
2.389892566231047866e+01,3.349641586993883341e-05
2.439986297259550341e+01,3.242101082383136039e-05
2.491130026067785863e+01,3.137304396394297940e-05
2.543345761304648178e+01,3.035196132983589690e-05
2.596655972934872381e+01,2.935719796230215012e-05
2.651083601908536380e+01,2.838824191215252431e-05
2.706652070033241131e+01,2.744455134983821132e-05
2.763385290053172838e+01,2.652559352537429952e-05
2.821307675939470627e+01,2.563087649188670633e-05
2.880444153396297935e+01,2.475989185851689656e-05
2.940820170587060645e+01,2.391212978812693910e-05
3.002461709085549302e+01,2.308474525341353754e-05
3.065395295056529790e+01,2.228197552114401667e-05
3.129648010670750580e+01,2.150104882908559400e-05
3.195247505759213524e+01,2.074141572436438428e-05
3.262222009711666715e+01,2.000260886074555934e-05
3.330600343624588788e+01,1.928415055590692776e-05
3.400411932703709539e+01,1.858567219487168026e-05
3.471686818926559681e+01,1.790666488756404709e-05
3.544455673970435328e+01,1.724671749129022441e-05
3.618749812411276423e+01,1.660541900784206880e-05
3.694601205199302285e+01,1.598234007658068297e-05
3.772042493417001197e+01,1.537707128455413841e-05
3.851107002325569084e+01,1.478921867525056408e-05
3.931828755705770106e+01,1.421839891039186769e-05
4.014242490499317739e+01,1.366423199255529487e-05
4.098383671757261482e+01,1.312631627415405027e-05
4.184288507901584353e+01,1.260429540988983303e-05
4.271993966306776969e+01,1.209780455263499013e-05
4.361537789208005478e+01,1.160649262860340902e-05
4.452958509942650522e+01,1.113001385621048729e-05
4.546295469532399380e+01,1.066802787411061601e-05
4.641588833612782139e+01,1.022017952292371657e-05
4.738879609717650965e+01,9.786182606753971353e-06
4.838209664925957298e+01,9.365689807727600394e-06
4.939621743878315385e+01,8.958423131652323591e-06
5.043159487171358535e+01,8.564006075567188287e-06
5.148867450137497315e+01,8.182217557873311549e-06
5.256791122018419316e+01,7.812753077659875844e-06
5.366976945540476152e+01,7.455288614225896909e-06
5.479472336900281704e+01,7.109572100299662141e-06
5.594325706169377810e+01,6.775350712859528695e-06
5.711586478126434940e+01,6.452325169753053973e-06
5.831305113526218520e+01,6.140260051143268350e-06
5.953533130814370367e+01,5.838897828017522010e-06
6.078323128297223832e+01,5.548007018836680421e-06
6.205728806776500761e+01,5.267291590410991969e-06
6.335804992658254520e+01,4.996583411506434869e-06
6.468607661546320742e+01,4.735614580438556367e-06
6.604193962330305112e+01,4.484177968101556607e-06
6.742622241778335024e+01,4.242049487613180541e-06
6.883952069645496863e+01,4.009011453903139569e-06
7.028244264308352740e+01,3.784853760610695026e-06
7.175560918936920984e+01,3.569382747570165262e-06
7.325965428215229736e+01,3.362396442868775221e-06
7.479522515621813739e+01,3.163683511079044156e-06
7.636298261282242095e+01,2.973074029455040165e-06
7.796360130405237499e+01,2.790367602569774078e-06
7.959777002314977778e+01,2.615382886292444846e-06
8.126619200091946027e+01,2.447948970076894361e-06
8.296958520834914452e+01,2.287874309676474418e-06
8.470868266557401682e+01,2.134991714283989083e-06
8.648423275731727244e+01,1.989139581169167777e-06
8.829699955494082531e+01,1.850133944894015506e-06
9.014776314524917211e+01,1.717816226691323179e-06
9.203731996618230937e+01,1.592022094039338179e-06
9.396648314954690306e+01,1.472585311609113533e-06
9.593608287093147169e+01,1.359339281061091120e-06
9.794696670695385876e+01,1.252147747372528404e-06
1.000000000000000000e+02,1.150825644366438646e-06
1.020960662306047624e+02,1.055219256527449160e-06
1.042360673976401131e+02,9.651736385853355218e-07
1.064209244064724658e+02,8.805279116700639449e-07
1.086515774652537232e+02,8.011206479003930392e-07
1.109289864895222735e+02,7.267922300788389163e-07
1.132541315152812587e+02,6.573791179008246223e-07
1.156280131207375348e+02,5.927193793302951511e-07
1.180516528568805512e+02,5.326459842626697199e-07
1.205260936870841419e+02,4.769908256851904810e-07
1.230524004359261596e+02,4.255853279924404237e-07
1.256316602474121424e+02,3.782526079062135208e-07
1.282649830528060022e+02,3.348196374917450667e-07
1.309535020482667562e+02,2.951048126160938354e-07
1.336983741824945184e+02,2.589224046081833447e-07
1.365007806546013853e+02,2.260953483707254156e-07
1.393619274224143396e+02,1.964233714391342595e-07
1.422830457214352009e+02,1.697178439862713707e-07
1.452653925946781328e+02,1.457837648713856420e-07
1.483102514336102900e+02,1.244286462132824147e-07
1.514189325304351996e+02,1.054759526340924995e-07
1.545927736419478435e+02,8.874064216726392568e-08
1.578331405652116359e+02,7.404985334422397323e-08
1.611414277253019804e+02,6.123751579135369613e-08
1.645190587753660907e+02,5.014255358001819934e-08
1.679674872092653288e+02,4.060973957467471483e-08
1.714881969870540956e+02,3.248999926483239297e-08
1.750827031735723267e+02,2.564116914355385222e-08
1.787525525904235337e+02,1.992699215914047846e-08
1.824993244816150479e+02,1.521827657368767904e-08
1.863246311931559944e+02,1.139215713977542063e-08
1.902301188668945713e+02,8.333215377479653869e-09
1.942174681489024408e+02,5.933624520148787771e-09
1.982883949127071332e+02,4.092306265971342595e-09
2.024446509976801849e+02,2.715809851544122355e-09
2.066880249629082016e+02,1.719103697910674255e-09
2.110203428568596564e+02,1.025424167601203652e-09
2.154434690031882269e+02,5.675491547802709774e-10
2.199593068030074789e+02,2.832712521622969917e-10
2.245697995539771625e+02,1.220720189547999632e-10
2.292769312865648885e+02,4.176640521489952051e-11
2.340827276178294198e+02,9.174060968078663105e-12
2.389892566231047795e+02,0.000000000000000000e+00
2.439986297259550270e+02,0.000000000000000000e+00
2.491130026067785934e+02,0.000000000000000000e+00
2.543345761304648249e+02,0.000000000000000000e+00
2.596655972934872239e+02,0.000000000000000000e+00
2.651083601908536025e+02,0.000000000000000000e+00
2.706652070033241557e+02,0.000000000000000000e+00
2.763385290053172412e+02,0.000000000000000000e+00
2.821307675939470982e+02,0.000000000000000000e+00
2.880444153396297793e+02,0.000000000000000000e+00
2.940820170587060716e+02,0.000000000000000000e+00
3.002461709085549160e+02,0.000000000000000000e+00
3.065395295056529790e+02,0.000000000000000000e+00
3.129648010670750296e+02,0.000000000000000000e+00
3.195247505759213595e+02,0.000000000000000000e+00
3.262222009711666715e+02,0.000000000000000000e+00
3.330600343624588504e+02,0.000000000000000000e+00
3.400411932703709681e+02,0.000000000000000000e+00
3.471686818926559681e+02,0.000000000000000000e+00
3.544455673970435328e+02,0.000000000000000000e+00
3.618749812411276707e+02,0.000000000000000000e+00
3.694601205199302285e+02,0.000000000000000000e+00
3.772042493417001197e+02,0.000000000000000000e+00
3.851107002325568942e+02,0.000000000000000000e+00
3.931828755705770391e+02,0.000000000000000000e+00
4.014242490499318023e+02,0.000000000000000000e+00
4.098383671757261482e+02,0.000000000000000000e+00
4.184288507901584353e+02,0.000000000000000000e+00
4.271993966306776542e+02,0.000000000000000000e+00
4.361537789208005620e+02,0.000000000000000000e+00
4.452958509942650949e+02,0.000000000000000000e+00
4.546295469532399238e+02,0.000000000000000000e+00
4.641588833612781855e+02,0.000000000000000000e+00
4.738879609717650965e+02,0.000000000000000000e+00
4.838209664925957441e+02,0.000000000000000000e+00
4.939621743878315669e+02,0.000000000000000000e+00
5.043159487171358819e+02,0.000000000000000000e+00
5.148867450137497599e+02,0.000000000000000000e+00
5.256791122018419173e+02,0.000000000000000000e+00
5.366976945540476436e+02,0.000000000000000000e+00
5.479472336900281562e+02,0.000000000000000000e+00
5.594325706169377099e+02,0.000000000000000000e+00
5.711586478126434940e+02,0.000000000000000000e+00
5.831305113526218520e+02,0.000000000000000000e+00
5.953533130814370224e+02,0.000000000000000000e+00
6.078323128297223548e+02,0.000000000000000000e+00
6.205728806776500051e+02,0.000000000000000000e+00
6.335804992658254378e+02,0.000000000000000000e+00
6.468607661546320742e+02,0.000000000000000000e+00
6.604193962330305112e+02,0.000000000000000000e+00
6.742622241778335592e+02,0.000000000000000000e+00
6.883952069645496294e+02,0.000000000000000000e+00
7.028244264308352740e+02,0.000000000000000000e+00
7.175560918936921553e+02,0.000000000000000000e+00
7.325965428215230304e+02,0.000000000000000000e+00
7.479522515621813454e+02,0.000000000000000000e+00
7.636298261282241810e+02,0.000000000000000000e+00
7.796360130405237214e+02,0.000000000000000000e+00
7.959777002314978063e+02,0.000000000000000000e+00
8.126619200091945459e+02,0.000000000000000000e+00
8.296958520834898536e+02,0.000000000000000000e+00
8.470868266557401967e+02,0.000000000000000000e+00
8.648423275731726108e+02,0.000000000000000000e+00
8.829699955494082815e+02,0.000000000000000000e+00
9.014776314524917780e+02,0.000000000000000000e+00
9.203731996618230369e+02,0.000000000000000000e+00
9.396648314954691159e+02,0.000000000000000000e+00
9.593608287093146600e+02,0.000000000000000000e+00
9.794696670695385592e+02,0.000000000000000000e+00
1.000000000000000000e+03,0.000000000000000000e+00
1.020960662306047539e+03,0.000000000000000000e+00
1.042360673976403177e+03,0.000000000000000000e+00
1.064209244064722498e+03,0.000000000000000000e+00
1.086515774652537175e+03,0.000000000000000000e+00
1.109289864895222763e+03,0.000000000000000000e+00
1.132541315152812558e+03,0.000000000000000000e+00
1.156280131207377735e+03,0.000000000000000000e+00
1.180516528568803096e+03,0.000000000000000000e+00
1.205260936870841306e+03,0.000000000000000000e+00
1.230524004359261653e+03,0.000000000000000000e+00
1.256316602474121510e+03,0.000000000000000000e+00
1.282649830528062466e+03,0.000000000000000000e+00
1.309535020482665004e+03,0.000000000000000000e+00
1.336983741824945128e+03,0.000000000000000000e+00
1.365007806546013853e+03,0.000000000000000000e+00
1.393619274224143510e+03,0.000000000000000000e+00
1.422830457214354738e+03,0.000000000000000000e+00
1.452653925946778145e+03,0.000000000000000000e+00
1.483102514336102786e+03,0.000000000000000000e+00
1.514189325304351996e+03,0.000000000000000000e+00
1.545927736419478606e+03,0.000000000000000000e+00
1.578331405652119656e+03,0.000000000000000000e+00
1.611414277253016508e+03,0.000000000000000000e+00
1.645190587753660793e+03,0.000000000000000000e+00
1.679674872092653231e+03,0.000000000000000000e+00
1.714881969870540843e+03,0.000000000000000000e+00
1.750827031735726905e+03,0.000000000000000000e+00
1.787525525904231699e+03,0.000000000000000000e+00
1.824993244816150536e+03,0.000000000000000000e+00
1.863246311931559831e+03,0.000000000000000000e+00
1.902301188668945770e+03,0.000000000000000000e+00
1.942174681489028444e+03,0.000000000000000000e+00
1.982883949127067353e+03,0.000000000000000000e+00
2.024446509976801735e+03,0.000000000000000000e+00
2.066880249629081845e+03,0.000000000000000000e+00
2.110203428568596337e+03,0.000000000000000000e+00
2.154434690031886475e+03,0.000000000000000000e+00
2.199593068030070299e+03,0.000000000000000000e+00
2.245697995539771910e+03,0.000000000000000000e+00
2.292769312865648772e+03,0.000000000000000000e+00
2.340827276178294142e+03,0.000000000000000000e+00
2.389892566231052569e+03,0.000000000000000000e+00
2.439986297259545154e+03,0.000000000000000000e+00
2.491130026067785820e+03,0.000000000000000000e+00
2.543345761304648022e+03,0.000000000000000000e+00
2.596655972934872352e+03,0.000000000000000000e+00
2.651083601908541823e+03,0.000000000000000000e+00
2.706652070033235759e+03,0.000000000000000000e+00
2.763385290053166955e+03,0.000000000000000000e+00
2.821307675939470755e+03,0.000000000000000000e+00
2.880444153396297679e+03,0.000000000000000000e+00
2.940820170587066514e+03,0.000000000000000000e+00
3.002461709085543134e+03,0.000000000000000000e+00
3.065395295056523537e+03,0.000000000000000000e+00
3.129648010670750409e+03,0.000000000000000000e+00
3.195247505759213709e+03,0.000000000000000000e+00
3.262222009711673309e+03,0.000000000000000000e+00
3.330600343624581910e+03,0.000000000000000000e+00
3.400411932703702405e+03,0.000000000000000000e+00
3.471686818926559681e+03,0.000000000000000000e+00
3.544455673970435782e+03,0.000000000000000000e+00
3.618749812411283983e+03,0.000000000000000000e+00
3.694601205199294782e+03,0.000000000000000000e+00
3.772042493416993693e+03,0.000000000000000000e+00
3.851107002325568828e+03,0.000000000000000000e+00
3.931828755705770163e+03,0.000000000000000000e+00
4.014242490499325868e+03,0.000000000000000000e+00
4.098383671757253069e+03,0.000000000000000000e+00
4.184288507901575940e+03,0.000000000000000000e+00
4.271993966306776201e+03,0.000000000000000000e+00
4.361537789208005961e+03,0.000000000000000000e+00
4.452958509942660385e+03,0.000000000000000000e+00
4.546295469532390598e+03,0.000000000000000000e+00
4.641588833612772760e+03,0.000000000000000000e+00
4.738879609717650965e+03,0.000000000000000000e+00
4.838209664925957441e+03,0.000000000000000000e+00
4.939621743878326015e+03,0.000000000000000000e+00
5.043159487171348701e+03,0.000000000000000000e+00
5.148867450137487140e+03,0.000000000000000000e+00
5.256791122018418719e+03,0.000000000000000000e+00
5.366976945540475754e+03,0.000000000000000000e+00
5.479472336900292248e+03,0.000000000000000000e+00
5.594325706169389377e+03,0.000000000000000000e+00
5.711586478126423572e+03,0.000000000000000000e+00
5.831305113526218520e+03,0.000000000000000000e+00
5.953533130814370452e+03,0.000000000000000000e+00
6.078323128297236508e+03,0.000000000000000000e+00
6.205728806776513011e+03,0.000000000000000000e+00
6.335804992658241645e+03,0.000000000000000000e+00
6.468607661546320742e+03,0.000000000000000000e+00
6.604193962330305112e+03,0.000000000000000000e+00
6.742622241778349235e+03,0.000000000000000000e+00
6.883952069645510164e+03,0.000000000000000000e+00
7.028244264308338643e+03,0.000000000000000000e+00
7.175560918936920643e+03,0.000000000000000000e+00
7.325965428215230531e+03,0.000000000000000000e+00
7.479522515621828461e+03,0.000000000000000000e+00
7.636298261282257045e+03,0.000000000000000000e+00
7.796360130405220843e+03,0.000000000000000000e+00
7.959777002314977835e+03,0.000000000000000000e+00
8.126619200091945459e+03,0.000000000000000000e+00
8.296958520834914452e+03,0.000000000000000000e+00
8.470868266557419702e+03,0.000000000000000000e+00
8.648423275731709509e+03,0.000000000000000000e+00
8.829699955494083042e+03,0.000000000000000000e+00
9.014776314524917325e+03,0.000000000000000000e+00
9.203731996618229459e+03,0.000000000000000000e+00
9.396648314954709349e+03,0.000000000000000000e+00
9.593608287093127728e+03,0.000000000000000000e+00
9.794696670695386274e+03,0.000000000000000000e+00
1.000000000000000000e+04,0.000000000000000000e+00
