1.000000000000000082e-05,2.534472138358284496e+02
1.020960662306047607e-05,2.482438581554810639e+02
1.042360673976401146e-05,2.431473290996073047e+02
1.064209244064724650e-05,2.381554334820398822e+02
1.086515774652537261e-05,2.332660231434556977e+02
1.109289864895222712e-05,2.284769940269558788e+02
1.132541315152812671e-05,2.237862852726314031e+02
1.156280131207375302e-05,2.191918783307135357e+02
1.180516528568805612e-05,2.146917960929307299e+02
1.205260936870841401e-05,2.102841020417045854e+02
1.230524004359261647e-05,2.059668994168052620e+02
1.256316602474121465e-05,2.017383303991233845e+02
1.282649830528059917e-05,1.975965753111943570e+02
1.309535020482667643e-05,1.935398518341365559e+02
1.336983741824945150e-05,1.895664142406699284e+02
1.365007806546013744e-05,1.856745526438752165e+02
1.393619274224143468e-05,1.818625922613819625e+02
1.422830457214351858e-05,1.781288926946594131e+02
1.452653925946781202e-05,1.744718472231035946e+02
1.483102514336102853e-05,1.708898821126210237e+02
1.514189325304351951e-05,1.673814559384016434e+02
1.545927736419478539e-05,1.639450589216008609e+02
1.578331405652116359e-05,1.605792122796366073e+02
1.611414277253019959e-05,1.572824675898244209e+02
1.645190587753660725e-05,1.540534061660811744e+02
1.679674872092653225e-05,1.508906384484199066e+02
1.714881969870540916e-05,1.477928034049839425e+02
1.750827031735723228e-05,1.447585679463537076e+02
1.787525525904235524e-05,1.417866263518782262e+02
1.824993244816150412e-05,1.388756997077875042e+02
1.863246311931559903e-05,1.360245353568358553e+02
1.902301188668945850e-05,1.332319063592486827e+02
1.942174681489024571e-05,1.304966109647335202e+02
1.982883949127071257e-05,1.278174720953306576e+02
2.024446509976801623e-05,1.251933368388838090e+02
2.066880249629082024e-05,1.226230759529061061e+02
2.110203428568596656e-05,1.201055833786356857e+02
2.154434690031882321e-05,1.176397757650652380e+02
2.199593068030074845e-05,1.152245920027436199e+02
2.245697995539776298e-05,1.128589927671507240e+02
2.292769312865648647e-05,1.105419600714448052e+02
2.340827276178294449e-05,1.082724968283922493e+02
2.389892566231047836e-05,1.060496264212932545e+02
2.439986297259550131e-05,1.038723922837130402e+02
2.491130026067790961e-05,1.017398574878449296e+02
2.543345761304648090e-05,9.965110434132198236e+01
2.596655972934872479e-05,9.760523399230648067e+01
2.651083601908536211e-05,9.560136604268903682e+01
2.706652070033241139e-05,9.363863816922572880e+01
2.763385290053172626e-05,9.171620575245650286e+01
2.821307675939470740e-05,8.983324151324005413e+01
2.880444153396297702e-05,8.798893515675068500e+01
2.940820170587060722e-05,8.618249302378598031e+01
3.002461709085549186e-05,8.441313774923048641e+01
3.065395295056530018e-05,8.268010792753388216e+01
3.129648010670750265e-05,8.098265778505529511e+01
3.195247505759213607e-05,7.932005685913448190e+01
3.262222009711666644e-05,7.769158968375347740e+01
3.330600343624588548e-05,7.609655548164921868e+01
3.400411932703709724e-05,7.453426786274964400e+01
3.471686818926559409e-05,7.300405452879934387e+01
3.544455673970435463e-05,7.150525698404952379e+01
3.618749812411276967e-05,7.003723025188892848e+01
3.694601205199302477e-05,6.859934259729025996e+01
3.772042493417001620e-05,6.719097525495710954e+01
3.851107002325568519e-05,6.581152216305059710e+01
3.931828755705769966e-05,6.446038970238271304e+01
4.014242490499317844e-05,6.313699644096563901e+01
4.098383671757261184e-05,6.184077288380326110e+01
4.184288507901584570e-05,6.057116122782172596e+01
4.271993966306776293e-05,5.932761512183000718e+01
4.361537789208005635e-05,5.810959943140856154e+01
4.452958509942659792e-05,5.691659000862599527e+01
4.546295469532399562e-05,5.574807346648243822e+01
4.641588833612781789e-05,5.460354695798373115e+01
4.738879609717651056e-05,5.348251795975235012e+01
4.838209664925957121e-05,5.238450406007925153e+01
4.939621743878325959e-05,5.130903275132870789e+01
5.043159487171358695e-05,5.025564122660409083e+01
5.148867450137497919e-05,4.922387618058808556e+01
5.256791122018419400e-05,4.821329361447289585e+01
5.366976945540475778e-05,4.722345864489368239e+01
5.479472336900292591e-05,4.625394531678613674e+01
5.594325706169377268e-05,4.530433642008524942e+01
5.711586478126435033e-05,4.437422331018726851e+01
5.831305113526218489e-05,4.346320573209857940e+01
5.953533130814369864e-05,4.257089164819344518e+01
6.078323128297236501e-05,4.169689706950943986e+01
6.205728806776500081e-05,4.084084589050532088e+01
6.335804992658254750e-05,4.000236972721157258e+01
6.468607661546321112e-05,3.918110775870457729e+01
6.604193962330304700e-05,3.837670657183409162e+01
6.742622241778349222e-05,3.758882000913970955e+01
6.883952069645495682e-05,3.681710901988896723e+01
7.028244264308352554e-05,3.606124151417354540e+01
7.175560918936921718e-05,3.532089222000185202e+01
7.325965428215229914e-05,3.459574254332427756e+01
7.479522515621828658e-05,3.388548043093329909e+01
7.636298261282241959e-05,3.318980023617766761e+01
7.796360130405236585e-05,3.250840258743343725e+01
7.959777002314977982e-05,3.184099425927601601e+01
8.126619200091945365e-05,3.118728804629616747e+01
8.296958520834915780e-05,3.054700263950750738e+01
8.470868266557402936e-05,2.991986250529079427e+01
8.648423275731726594e-05,2.930559776682354567e+01
8.829699955494083421e-05,2.870394408794453156e+01
9.014776314524917239e-05,2.811464255940168044e+01
9.203731996618230639e-05,2.753743958743624276e+01
9.396648314954690162e-05,2.697208678465376863e+01
9.593608287093146887e-05,2.641834086313552277e+01
9.794696670695385331e-05,2.587596352974499325e+01
1.000000000000000048e-04,2.534472138358284710e+01
1.020960662306046523e-04,2.482438581554813339e+01
1.042360673976401179e-04,2.431473290996072834e+01
1.064209244064724582e-04,2.381554334820398822e+01
1.086515774652538379e-04,2.332660231434554632e+01
1.109289864895222780e-04,2.284769940269558219e+01
1.132541315152811519e-04,2.237862852726316021e+01
1.156280131207375404e-04,2.191918783307134788e+01
1.180516528568805612e-04,2.146917960929307512e+01
1.205260936870842587e-04,2.102841020417043794e+01
1.230524004359261579e-04,2.059668994168052691e+01
1.256316602474121533e-04,2.017383303991233490e+01
1.282649830528059917e-04,1.975965753111943357e+01
1.309535020482667609e-04,1.935398518341365559e+01
1.336983741824946607e-04,1.895664142406697650e+01
1.365007806546013845e-04,1.856745526438751881e+01
1.393619274224143468e-04,1.818625922613819412e+01
1.422830457214352027e-04,1.781288926946593776e+01
1.452653925946781202e-04,1.744718472231036088e+01
1.483102514336104446e-04,1.708898821126208745e+01
1.514189325304352018e-04,1.673814559384016221e+01
1.545927736419478403e-04,1.639450589216009035e+01
1.578331405652116427e-04,1.605792122796366428e+01
1.611414277253019891e-04,1.572824675898244351e+01
1.645190587753662351e-04,1.540534061660809861e+01
1.679674872092653225e-04,1.508906384484198959e+01
1.714881969870540781e-04,1.477928034049839567e+01
1.750827031735723363e-04,1.447585679463537112e+01
1.787525525904235457e-04,1.417866263518782333e+01
1.824993244816152445e-04,1.388756997077873656e+01
1.863246311931559835e-04,1.360245353568358517e+01
1.902301188668945714e-04,1.332319063592487041e+01
1.942174681489024571e-04,1.304966109647335060e+01
1.982883949127071325e-04,1.278174720953306398e+01
2.024446509976803791e-04,1.251933368388836598e+01
2.066880249629082160e-04,1.226230759529061132e+01
2.110203428568596521e-04,1.201055833786356963e+01
2.154434690031882321e-04,1.176397757650652487e+01
2.199593068030074913e-04,1.152245920027436199e+01
2.245697995539773994e-04,1.128589927671508342e+01
2.292769312865648647e-04,1.105419600714447981e+01
2.340827276178294449e-04,1.082724968283922529e+01
2.389892566231047904e-04,1.060496264212932438e+01
2.439986297259550199e-04,1.038723922837130331e+01
2.491130026067788590e-04,1.017398574878450113e+01
2.543345761304648361e-04,9.965110434132196104e+00
2.596655972934872546e-04,9.760523399230647712e+00
2.651083601908536076e-04,9.560136604268903326e+00
2.706652070033241072e-04,9.363863816922574301e+00
2.763385290053169780e-04,9.171620575245659879e+00
2.821307675939470740e-04,8.983324151324005413e+00
2.880444153396297634e-04,8.798893515675070276e+00
2.940820170587060450e-04,8.618249302378599097e+00
3.002461709085549389e-04,8.441313774923049351e+00
3.065395295056526901e-04,8.268010792753395677e+00
3.129648010670750265e-04,8.098265778505529866e+00
3.195247505759213607e-04,7.932005685913448012e+00
3.262222009711669896e-04,7.769158968375340812e+00
3.330600343624588820e-04,7.609655548164921512e+00
3.400411932703705929e-04,7.453426786274971683e+00
3.471686818926559680e-04,7.300405452879934032e+00
3.544455673970435734e-04,7.150525698404952557e+00
3.618749812411280490e-04,7.003723025188885565e+00
3.694601205199302477e-04,6.859934259729027595e+00
3.772042493416997554e-04,6.719097525495718592e+00
3.851107002325568655e-04,6.581152216305059532e+00
3.931828755705770373e-04,6.446038970238270771e+00
4.014242490499322046e-04,6.313699644096557151e+00
4.098383671757261184e-04,6.184077288380326110e+00
4.184288507901584705e-04,6.057116122782172596e+00
4.271993966306776428e-04,5.932761512183001074e+00
4.361537789208005771e-04,5.810959943140855621e+00
4.452958509942655184e-04,5.691659000862605566e+00
4.546295469532399291e-04,5.574807346648243289e+00
4.641588833612782196e-04,5.460354695798373292e+00
4.738879609717650920e-04,5.348251795975234479e+00
4.838209664925957392e-04,5.238450406007924443e+00
4.939621743878321080e-04,5.130903275132876473e+00
5.043159487171358559e-04,5.025564122660409083e+00
5.148867450137497919e-04,4.922387618058807313e+00
5.256791122018419265e-04,4.821329361447289408e+00
5.366976945540475642e-04,4.722345864489367884e+00
5.479472336900287170e-04,4.625394531678617582e+00
5.594325706169377133e-04,4.530433642008525830e+00
5.711586478126434762e-04,4.437422331018726851e+00
5.831305113526218760e-04,4.346320573209857763e+00
5.953533130814370406e-04,4.257089164819344518e+00
6.078323128297229453e-04,4.169689706950948427e+00
6.205728806776500623e-04,4.084084589050530845e+00
6.335804992658254208e-04,4.000236972721157080e+00
6.468607661546321112e-04,3.918110775870458085e+00
6.604193962330305243e-04,3.837670657183409606e+00
6.742622241778341904e-04,3.758882000913975396e+00
6.883952069645496224e-04,3.681710901988895834e+00
7.028244264308353096e-04,3.606124151417354096e+00
7.175560918936921447e-04,3.532089222000185380e+00
7.325965428215230456e-04,3.459574254332427490e+00
7.479522515621820798e-04,3.388548043093333462e+00
7.636298261282241416e-04,3.318980023617767117e+00
7.796360130405237399e-04,3.250840258743343369e+00
7.959777002314977982e-04,3.184099425927601867e+00
8.126619200091945907e-04,3.118728804629616658e+00
8.296958520834906564e-04,3.054700263950754113e+00
8.470868266557402123e-04,2.991986250529079516e+00
8.648423275731726865e-04,2.930559776682354567e+00
8.829699955494082608e-04,2.870394408794453067e+00
9.014776314524917782e-04,2.811464255940168133e+00
9.203731996618220610e-04,2.753743958743627207e+00
9.396648314954690433e-04,2.697208678465376597e+00
9.593608287093146345e-04,2.641834086313552543e+00
9.794696670695395360e-04,2.587596352974496305e+00
1.000000000000000021e-03,2.534472138358284887e+00
1.020960662306046604e-03,2.482438581554812895e+00
1.042360673976401152e-03,2.431473290996072567e+00
1.064209244064724582e-03,2.381554334820398910e+00
1.086515774652538433e-03,2.332660231434554809e+00
1.109289864895222780e-03,2.284769940269558486e+00
1.132541315152811546e-03,2.237862852726316021e+00
1.156280131207375458e-03,2.191918783307134966e+00
1.180516528568805639e-03,2.146917960929307423e+00
1.205260936870842505e-03,2.102841020417043794e+00
1.230524004359261634e-03,2.059668994168052603e+00
1.256316602474120232e-03,2.017383303991235888e+00
1.282649830528059809e-03,1.975965753111943668e+00
1.309535020482667771e-03,1.935398518341365337e+00
1.336983741824946661e-03,1.895664142406697339e+00
1.365007806546013683e-03,1.856745526438752458e+00
1.393619274224142113e-03,1.818625922613821499e+00
1.422830457214352027e-03,1.781288926946593909e+00
1.452653925946781202e-03,1.744718472231036266e+00
1.483102514336104337e-03,1.708898821126208833e+00
1.514189325304352018e-03,1.673814559384016132e+00
1.545927736419476940e-03,1.639450589216010501e+00
1.578331405652118108e-03,1.605792122796364740e+00
1.611414277253019837e-03,1.572824675898244484e+00
1.645190587753662514e-03,1.540534061660809861e+00
1.679674872092653225e-03,1.508906384484198782e+00
1.714881969870539046e-03,1.477928034049841077e+00
1.750827031735725098e-03,1.447585679463535557e+00
1.787525525904235402e-03,1.417866263518782421e+00
1.824993244816152391e-03,1.388756997077873923e+00
1.863246311931559835e-03,1.360245353568358517e+00
1.902301188668943871e-03,1.332319063592488195e+00
1.942174681489026522e-03,1.304966109647333949e+00
1.982883949127071596e-03,1.278174720953306309e+00
2.024446509976803900e-03,1.251933368388836731e+00
2.066880249629082268e-03,1.226230759529061132e+00
2.110203428568594407e-03,1.201055833786358162e+00
2.154434690031884272e-03,1.176397757650651243e+00
2.199593068030074750e-03,1.152245920027436199e+00
2.245697995539773940e-03,1.128589927671508342e+00
2.292769312865648810e-03,1.105419600714447892e+00
2.340827276178291793e-03,1.082724968283923728e+00
2.389892566231050126e-03,1.060496264212931417e+00
2.439986297259550199e-03,1.038723922837130553e+00
2.491130026067788373e-03,1.017398574878450201e+00
2.543345761304648036e-03,9.965110434132198325e-01
2.596655972934869619e-03,9.760523399230659480e-01
2.651083601908538895e-03,9.560136604268894001e-01
2.706652070033241288e-03,9.363863816922571859e-01
2.763385290053169997e-03,9.171620575245659213e-01
2.821307675939470957e-03,8.983324151324004747e-01
2.880444153396298067e-03,8.798893515675068056e-01
2.940820170587063812e-03,8.618249302378589993e-01
3.002461709085549064e-03,8.441313774923049351e-01
3.065395295056526793e-03,8.268010792753396343e-01
3.129648010670750373e-03,8.098265778505530088e-01
3.195247505759213607e-03,7.932005685913449122e-01
3.262222009711669788e-03,7.769158968375340368e-01
3.330600343624588386e-03,7.609655548164921957e-01
3.400411932703706255e-03,7.453426786274970350e-01
3.471686818926559247e-03,7.300405452879934476e-01
3.544455673970435625e-03,7.150525698404952557e-01
3.618749812411280273e-03,7.003723025188886009e-01
3.694601205199302477e-03,6.859934259729026929e-01
3.772042493416997554e-03,6.719097525495718592e-01
3.851107002325568872e-03,6.581152216305058422e-01
3.931828755705770589e-03,6.446038970238271437e-01
4.014242490499322046e-03,6.313699644096557595e-01
4.098383671757261509e-03,6.184077288380326332e-01
4.184288507901580585e-03,6.057116122782177925e-01
4.271993966306776754e-03,5.932761512183000185e-01
4.361537789208005771e-03,5.810959943140855399e-01
4.452958509942655727e-03,5.691659000862604456e-01
4.546295469532399616e-03,5.574807346648243955e-01
4.641588833612777208e-03,5.460354695798378399e-01
4.738879609717651029e-03,5.348251795975235146e-01
4.838209664925957609e-03,5.238450406007925109e-01
4.939621743878320863e-03,5.130903275132876473e-01
5.043159487171358993e-03,5.025564122660408639e-01
5.148867450137492065e-03,4.922387618058813863e-01
5.256791122018424252e-03,4.821329361447285189e-01
5.366976945540476510e-03,4.722345864489367884e-01
5.479472336900287170e-03,4.625394531678618248e-01
5.594325706169377133e-03,4.530433642008525608e-01
5.711586478126429341e-03,4.437422331018731625e-01
5.831305113526225048e-03,4.346320573209852545e-01
5.953533130814370189e-03,4.257089164819345406e-01
6.078323128297229670e-03,4.169689706950948094e-01
6.205728806776500406e-03,4.084084589050531733e-01
6.335804992658247703e-03,4.000236972721161188e-01
6.468607661546327617e-03,3.918110775870454199e-01
6.604193962330305243e-03,3.837670657183409606e-01
6.742622241778342337e-03,3.758882000913975063e-01
6.883952069645496441e-03,3.681710901988896056e-01
7.028244264308345507e-03,3.606124151417358092e-01
7.175560918936928385e-03,3.532089222000182049e-01
7.325965428215230023e-03,3.459574254332427601e-01
7.479522515621821015e-03,3.388548043093333462e-01
7.636298261282242067e-03,3.318980023617766340e-01
7.796360130405228725e-03,3.250840258743346589e-01
7.959777002314986222e-03,3.184099425927598426e-01
8.126619200091946341e-03,3.118728804629616325e-01
8.296958520834906564e-03,3.054700263950754224e-01
8.470868266557402340e-03,2.991986250529079516e-01
8.648423275731717541e-03,2.930559776682358231e-01
8.829699955494091715e-03,2.870394408794450514e-01
9.014776314524916914e-03,2.811464255940168133e-01
9.203731996618221695e-03,2.753743958743626874e-01
9.396648314954691300e-03,2.697208678465375931e-01
9.593608287093146128e-03,2.641834086313552543e-01
9.794696670695395360e-03,2.587596352974496638e-01
1.000000000000000021e-02,2.534472138358284665e-01
1.020960662306046561e-02,2.482438581554813062e-01
1.042360673976401239e-02,2.431473290996072623e-01
1.064209244064724669e-02,2.381554334820398522e-01
1.086515774652538346e-02,2.332660231434554865e-01
1.109289864895222737e-02,2.284769940269558430e-01
1.132541315152811416e-02,2.237862852726316409e-01
1.156280131207375328e-02,2.191918783307134910e-01
1.180516528568805595e-02,2.146917960929307367e-01
1.205260936870842549e-02,2.102841020417043627e-01
1.230524004359261590e-02,2.059668994168052658e-01
1.256316602474120102e-02,2.017383303991235888e-01
1.282649830528059809e-02,1.975965753111943723e-01
1.309535020482667685e-02,1.935398518341365504e-01
1.336983741824946531e-02,1.895664142406697505e-01
1.365007806546013856e-02,1.856745526438751959e-01
1.393619274224142113e-02,1.818625922613821555e-01
1.422830457214351897e-02,1.781288926946593965e-01
1.452653925946781159e-02,1.744718472231036044e-01
1.483102514336104467e-02,1.708898821126208778e-01
1.514189325304352018e-02,1.673814559384016187e-01
1.545927736419477026e-02,1.639450589216010501e-01
1.578331405652116590e-02,1.605792122796366184e-01
1.611414277253019750e-02,1.572824675898244484e-01
1.645190587753662601e-02,1.540534061660809584e-01
1.679674872092653051e-02,1.508906384484199337e-01
1.714881969870539133e-02,1.477928034049841022e-01
1.750827031735725098e-02,1.447585679463535557e-01
1.787525525904235316e-02,1.417866263518782477e-01
1.824993244816152521e-02,1.388756997077873756e-01
1.863246311931559748e-02,1.360245353568358684e-01
1.902301188668944001e-02,1.332319063592488084e-01
1.942174681489026306e-02,1.304966109647334171e-01
1.982883949127071249e-02,1.278174720953306476e-01
2.024446509976803726e-02,1.251933368388836731e-01
2.066880249629082095e-02,1.226230759529061132e-01
2.110203428568594233e-02,1.201055833786358190e-01
2.154434690031884619e-02,1.176397757650651105e-01
2.199593068030074663e-02,1.152245920027436393e-01
2.245697995539773853e-02,1.128589927671508342e-01
2.292769312865648723e-02,1.105419600714447892e-01
2.340827276178291880e-02,1.082724968283923783e-01
2.389892566231050300e-02,1.060496264212931472e-01
2.439986297259550199e-02,1.038723922837130470e-01
2.491130026067788633e-02,1.017398574878450174e-01
2.543345761304648123e-02,9.965110434132197492e-02
2.596655972934869619e-02,9.760523399230658370e-02
2.651083601908538895e-02,9.560136604268894278e-02
2.706652070033241375e-02,9.363863816922571304e-02
2.763385290053169824e-02,9.171620575245659213e-02
2.821307675939470697e-02,8.983324151324004192e-02
2.880444153396297807e-02,8.798893515675068611e-02
2.940820170587063812e-02,8.618249302378590271e-02
3.002461709085549324e-02,8.441313774923049629e-02
3.065395295056526706e-02,8.268010792753396898e-02
3.129648010670750546e-02,8.098265778505529811e-02
3.195247505759213347e-02,7.932005685913448567e-02
3.262222009711669701e-02,7.769158968375340646e-02
3.330600343624588733e-02,7.609655548164921679e-02
3.400411932703706341e-02,7.453426786274970628e-02
3.471686818926559420e-02,7.300405452879933643e-02
3.544455673970435539e-02,7.150525698404952557e-02
3.618749812411280187e-02,7.003723025188886286e-02
3.694601205199302130e-02,6.859934259729028039e-02
3.772042493416997294e-02,6.719097525495719425e-02
3.851107002325569045e-02,6.581152216305058422e-02
3.931828755705769896e-02,6.446038970238271437e-02
4.014242490499322219e-02,6.313699644096557040e-02
4.098383671757261509e-02,6.184077288380325499e-02
4.184288507901580412e-02,6.057116122782178064e-02
4.271993966306776580e-02,5.932761512183001157e-02
4.361537789208005944e-02,5.810959943140855954e-02
4.452958509942655380e-02,5.691659000862604734e-02
4.546295469532399269e-02,5.574807346648244510e-02
4.641588833612777382e-02,5.460354695798378538e-02
4.738879609717651376e-02,5.348251795975234729e-02
4.838209664925956915e-02,5.238450406007925247e-02
4.939621743878321036e-02,5.130903275132876057e-02
5.043159487171358646e-02,5.025564122660408639e-02
5.148867450137492585e-02,4.922387618058813447e-02
5.256791122018424772e-02,4.821329361447284495e-02
5.366976945540476163e-02,4.722345864489367606e-02
5.479472336900287344e-02,4.625394531678617832e-02
5.594325706169377826e-02,4.530433642008525191e-02
5.711586478126429167e-02,4.437422331018731764e-02
5.831305113526224354e-02,4.346320573209853239e-02
5.953533130814370189e-02,4.257089164819344990e-02
6.078323128297229844e-02,4.169689706950948510e-02
6.205728806776500406e-02,4.084084589050531594e-02
6.335804992658247703e-02,4.000236972721160633e-02
6.468607661546327270e-02,3.918110775870454338e-02
6.604193962330305590e-02,3.837670657183409051e-02
6.742622241778342684e-02,3.758882000913975341e-02
6.883952069645496441e-02,3.681710901988895918e-02
7.028244264308344813e-02,3.606124151417358648e-02
7.175560918936928212e-02,3.532089222000182188e-02
7.325965428215229502e-02,3.459574254332428017e-02
7.479522515621821188e-02,3.388548043093333323e-02
7.636298261282241373e-02,3.318980023617767311e-02
7.796360130405229072e-02,3.250840258743346867e-02
7.959777002314985528e-02,3.184099425927598703e-02
8.126619200091945994e-02,3.118728804629616533e-02
8.296958520834907258e-02,3.054700263950753739e-02
8.470868266557401993e-02,2.991986250529079724e-02
8.648423275731717541e-02,2.930559776682357606e-02
8.829699955494091368e-02,2.870394408794450444e-02
9.014776314524917955e-02,2.811464255940167994e-02
9.203731996618221001e-02,2.753743958743627013e-02
9.396648314954690606e-02,2.697208678465376486e-02
9.593608287093147169e-02,2.641834086313552335e-02
9.794696670695395013e-02,2.587596352974496500e-02
1.000000000000000056e-01,2.534472138358284318e-02
1.020960662306047567e-01,2.482438581554810564e-02
1.042360673976401170e-01,2.431473290996073039e-02
1.064209244064724669e-01,2.381554334820398799e-02
1.086515774652537236e-01,2.332660231434557224e-02
1.109289864895222771e-01,2.284769940269558430e-02
1.132541315152812700e-01,2.237862852726313703e-02
1.156280131207375328e-01,2.191918783307135118e-02
1.180516528568805595e-01,2.146917960929307576e-02
1.205260936870841404e-01,2.102841020417045917e-02
1.230524004359261625e-01,2.059668994168052658e-02
1.256316602474121524e-01,2.017383303991233945e-02
1.282649830528059809e-01,1.975965753111943654e-02
1.309535020482667789e-01,1.935398518341365295e-02
1.336983741824945282e-01,1.895664142406699310e-02
1.365007806546013891e-01,1.856745526438751889e-02
1.393619274224143501e-01,1.818625922613819473e-02
1.422830457214351862e-01,1.781288926946594103e-02
1.452653925946781333e-01,1.744718472231035836e-02
1.483102514336102906e-01,1.708898821126210443e-02
1.514189325304352018e-01,1.673814559384016049e-02
1.545927736419478449e-01,1.639450589216008905e-02
1.578331405652116382e-01,1.605792122796366461e-02
1.611414277253019889e-01,1.572824675898244415e-02
1.645190587753660727e-01,1.540534061660811527e-02
1.679674872092653259e-01,1.508906384484198955e-02
1.714881969870540868e-01,1.477928034049839565e-02
1.750827031735723294e-01,1.447585679463537014e-02
1.787525525904235524e-01,1.417866263518782234e-02
1.824993244816150439e-01,1.388756997077875144e-02
1.863246311931559818e-01,1.360245353568358476e-02
1.902301188668945875e-01,1.332319063592486870e-02
1.942174681489024501e-01,1.304966109647335074e-02
1.982883949127071388e-01,1.278174720953306406e-02
2.024446509976801645e-01,1.251933368388838223e-02
2.066880249629081956e-01,1.226230759529061201e-02
2.110203428568596662e-01,1.201055833786356976e-02
2.154434690031882260e-01,1.176397757650652492e-02
2.199593068030074872e-01,1.152245920027436185e-02
2.245697995539771563e-01,1.128589927671509556e-02
2.292769312865648723e-01,1.105419600714447996e-02
2.340827276178294447e-01,1.082724968283922500e-02
2.389892566231047732e-01,1.060496264212932443e-02
2.439986297259550130e-01,1.038723922837130574e-02
2.491130026067790992e-01,1.017398574878449272e-02
2.543345761304648400e-01,9.965110434132198186e-03
2.596655972934872603e-01,9.760523399230646921e-03
2.651083601908535980e-01,9.560136604268904340e-03
2.706652070033241375e-01,9.363863816922571304e-03
2.763385290053172461e-01,9.171620575245649845e-03
2.821307675939470627e-01,8.983324151324004539e-03
2.880444153396297668e-01,8.798893515675068958e-03
2.940820170587060689e-01,8.618249302378599291e-03
3.002461709085549324e-01,8.441313774923048241e-03
3.065395295056529967e-01,8.268010792753388224e-03
3.129648010670750269e-01,8.098265778505529464e-03
3.195247505759213347e-01,7.932005685913449955e-03
3.262222009711666648e-01,7.769158968375347758e-03
3.330600343624588455e-01,7.609655548164922199e-03
3.400411932703709672e-01,7.453426786274962648e-03
3.471686818926559281e-01,7.300405452879934337e-03
3.544455673970435816e-01,7.150525698404952384e-03
3.618749812411276578e-01,7.003723025188894266e-03
3.694601205199302685e-01,6.859934259729026304e-03
3.772042493417001596e-01,6.719097525495710578e-03
3.851107002325568907e-01,6.581152216305057902e-03
3.931828755705770173e-01,6.446038970238271958e-03
4.014242490499317917e-01,6.313699644096564152e-03
4.098383671757261371e-01,6.184077288380325325e-03
4.184288507901584575e-01,6.057116122782172860e-03
4.271993966306776858e-01,5.932761512183000810e-03
4.361537789208005944e-01,5.810959943140856301e-03
4.452958509942651077e-01,5.691659000862609417e-03
4.546295469532399269e-01,5.574807346648244163e-03
4.641588833612781961e-01,5.460354695798372640e-03
4.738879609717651098e-01,5.348251795975234556e-03
4.838209664925957054e-01,5.238450406007925594e-03
4.939621743878315763e-01,5.130903275132880914e-03
5.043159487171359201e-01,5.025564122660408466e-03
5.148867450137497581e-01,4.922387618058808416e-03
5.256791122018419360e-01,4.821329361447289699e-03
5.366976945540475885e-01,4.722345864489368300e-03
5.479472336900281793e-01,4.625394531678622689e-03
5.594325706169377410e-01,4.530433642008525712e-03
5.711586478126434718e-01,4.437422331018727080e-03
5.831305113526218387e-01,4.346320573209857055e-03
5.953533130814370189e-01,4.257089164819344296e-03
6.078323128297223876e-01,4.169689706950952500e-03
6.205728806776500406e-01,4.084084589050531421e-03
6.335804992658253809e-01,4.000236972721156990e-03
6.468607661546320609e-01,3.918110775870458848e-03
6.604193962330304757e-01,3.837670657183409311e-03
6.742622241778335468e-01,3.758882000913978810e-03
6.883952069645495886e-01,3.681710901988896265e-03
7.028244264308353140e-01,3.606124151417353964e-03
7.175560918936920718e-01,3.532089222000185571e-03
7.325965428215229780e-01,3.459574254332427930e-03
7.479522515621829237e-01,3.388548043093329593e-03
7.636298261282241651e-01,3.318980023617767051e-03
7.796360130405236566e-01,3.250840258743343657e-03
7.959777002314977201e-01,3.184099425927601913e-03
8.126619200091945716e-01,3.118728804629616706e-03
8.296958520834915030e-01,3.054700263950751050e-03
8.470868266557401993e-01,2.991986250529079551e-03
8.648423275731726978e-01,2.930559776682354397e-03
8.829699955494082486e-01,2.870394408794453654e-03
9.014776314524917122e-01,2.811464255940168428e-03
9.203731996618230715e-01,2.753743958743624324e-03
9.396648314954690884e-01,2.697208678465376746e-03
9.593608287093147169e-01,2.641834086313552248e-03
9.794696670695385299e-01,2.587596352974499189e-03
1.000000000000000000e+00,2.534472138358284752e-03
1.020960662306047650e+00,2.482438581554810390e-03
1.042360673976401086e+00,2.431473290996072692e-03
1.064209244064724613e+00,2.381554334820398973e-03
1.086515774652537347e+00,2.332660231434557137e-03
1.109289864895222744e+00,2.284769940269558691e-03
1.132541315152812755e+00,2.237862852726313356e-03
1.156280131207375383e+00,2.191918783307135032e-03
1.180516528568805512e+00,2.146917960929307836e-03
1.205260936870841348e+00,2.102841020417045917e-03
1.230524004359261570e+00,2.059668994168052745e-03
1.256316602474121469e+00,2.017383303991233858e-03
1.282649830528059809e+00,1.975965753111943567e-03
1.309535020482667678e+00,1.935398518341365339e-03
1.336983741824945282e+00,1.895664142406699310e-03
1.365007806546013835e+00,1.856745526438752106e-03
1.393619274224143556e+00,1.818625922613819473e-03
1.422830457214351974e+00,1.781288926946593930e-03
1.452653925946781222e+00,1.744718472231036096e-03
1.483102514336102962e+00,1.708898821126210140e-03
1.514189325304351907e+00,1.673814559384016135e-03
1.545927736419478560e+00,1.639450589216008645e-03
1.578331405652116493e+00,1.605792122796366158e-03
1.611414277253019778e+00,1.572824675898244502e-03
1.645190587753660783e+00,1.540534061660811527e-03
1.679674872092653093e+00,1.508906384484199215e-03
1.714881969870540868e+00,1.477928034049839435e-03
1.750827031735723294e+00,1.447585679463537014e-03
1.787525525904235524e+00,1.417866263518782364e-03
1.824993244816150550e+00,1.388756997077875231e-03
1.863246311931559873e+00,1.360245353568358562e-03
1.902301188668945819e+00,1.332319063592486957e-03
1.942174681489024390e+00,1.304966109647335334e-03
1.982883949127071332e+00,1.278174720953306363e-03
2.024446509976801867e+00,1.251933368388838093e-03
2.066880249629082122e+00,1.226230759529061201e-03
2.110203428568596440e+00,1.201055833786356932e-03
2.154434690031882038e+00,1.176397757650652536e-03
2.199593068030074594e+00,1.152245920027436489e-03
2.245697995539771785e+00,1.128589927671509209e-03
2.292769312865648779e+00,1.105419600714448083e-03
2.340827276178294447e+00,1.082724968283922413e-03
2.389892566231047955e+00,1.060496264212932530e-03
2.439986297259550074e+00,1.038723922837130574e-03
2.491130026067791103e+00,1.017398574878449185e-03
2.543345761304648178e+00,9.965110434132196885e-04
2.596655972934872381e+00,9.760523399230647788e-04
2.651083601908536203e+00,9.560136604268902822e-04
2.706652070033241486e+00,9.363863816922571087e-04
2.763385290053172572e+00,9.171620575245650929e-04
2.821307675939470627e+00,8.983324151324005189e-04
2.880444153396297668e+00,8.300667727718760757e-04
2.940820170587060911e+00,8.184818962882096927e-04
3.002461709085549213e+00,8.066541931207107941e-04
3.065395295056529967e+00,7.945785734612617612e-04
3.129648010670750491e+00,7.822498408159960902e-04
3.195247505759213791e+00,7.696626897690899945e-04
3.262222009711666537e+00,7.568117036996959823e-04
3.330600343624588788e+00,7.436913524510002345e-04
3.400411932703709450e+00,7.302959899504440477e-04
3.471686818926559503e+00,7.166198517800477985e-04
3.544455673970435594e+00,7.026570526958096077e-04
3.618749812411276690e+00,6.884015840951211718e-04
3.694601205199302463e+00,6.738473114310776372e-04
3.772042493417001374e+00,6.589879715726129281e-04
3.851107002325568907e+00,6.438171701092857942e-04
3.931828755705770284e+00,6.283283785995720950e-04
4.014242490499317917e+00,6.125149317614962848e-04
4.098383671757261482e+00,5.963700246043512551e-04
4.184288507901584353e+00,5.798867095003228025e-04
4.271993966306776969e+00,5.630578931947162686e-04
4.361537789208005833e+00,5.458763337535157533e-04
4.452958509942650522e+00,5.283346374469787606e-04
4.546295469532399380e+00,5.104252555678834855e-04
4.641588833612781961e+00,4.921404811831103527e-04
4.738879609717651320e+00,4.745408509315375469e-04
4.838209664925956943e+00,4.664071143358736768e-04
4.939621743878315208e+00,4.581028892341424828e-04
5.043159487171358535e+00,4.496246020743396334e-04
5.148867450137498025e+00,4.409686044004464361e-04
5.256791122018419138e+00,4.321311712823897879e-04
5.366976945540476329e+00,4.231084997130923593e-04
5.479472336900281348e+00,4.138967069719334921e-04
5.594325706169377632e+00,4.044918289538929285e-04
5.711586478126434940e+00,3.948898184636866291e-04
5.831305113526219053e+00,3.850865434741369288e-04
5.953533130814370189e+00,3.750777853480370639e-04
6.078323128297223654e+00,3.648592370227541639e-04
6.205728806776500406e+00,3.544265011567658509e-04
6.335804992658253809e+00,3.437750882373624521e-04
6.468607661546320386e+00,3.329004146486741890e-04
6.604193962330305645e+00,3.218210921838811551e-04
6.742622241778335024e+00,3.155991642181613793e-04
6.883952069645496330e+00,3.092468205214588830e-04
7.028244264308352918e+00,3.027613274936778709e-04
7.175560918936921162e+00,2.961398942366540231e-04
7.325965428215230446e+00,2.893796713531469390e-04
7.479522515621813028e+00,2.824777497206658111e-04
7.636298261282241207e+00,2.754311592395827010e-04
7.796360130405236788e+00,2.682368675550166341e-04
7.959777002314977423e+00,2.608917787519199035e-04
8.126619200091946382e+00,2.533927320228127164e-04
8.296958520834914808e+00,2.457365003075995280e-04
8.470868266557403103e+00,2.379197889048676308e-04
8.648423275731726534e+00,2.328037475115191687e-04
8.829699955494083596e+00,2.277021514466933576e-04
9.014776314524917566e+00,2.224936225495304128e-04
9.203731996618230937e+00,2.171759194370427300e-04
9.396648314954690662e+00,2.117467537453709297e-04
9.593608287093147169e+00,2.062037891450318365e-04
9.794696670695385521e+00,2.005446403355312722e-04
1.000000000000000000e+01,1.947668720188944832e-04
1.020960662306047517e+01,1.888679978516901445e-04
1.042360673976401131e+01,1.834884417546882654e-04
1.064209244064724658e+01,1.793113407289475571e-04
1.086515774652537303e+01,1.750466848991884608e-04
1.109289864895222699e+01,1.706926390587298827e-04
1.132541315152812622e+01,1.662473295337443769e-04
1.156280131207375383e+01,1.617088433769602734e-04
1.180516528568805512e+01,1.570752275444626926e-04
1.205260936870841348e+01,1.523444880552446055e-04
1.230524004359261525e+01,1.479373405865365974e-04
1.256316602474121424e+01,1.443954965669795273e-04
1.282649830528059809e+01,1.407794131509881950e-04
1.309535020482667633e+01,1.370875342316434445e-04
1.336983741824945149e+01,1.333182710849958408e-04
1.365007806546013747e+01,1.294700016863883528e-04
1.393619274224143467e+01,1.255410700124539333e-04
1.422830457214351974e+01,1.219697544708213323e-04
1.452653925946781222e+01,1.189063349497805882e-04
1.483102514336102828e+01,1.157787041266578743e-04
1.514189325304351996e+01,1.125855160900333734e-04
1.545927736419478471e+01,1.093253967172934843e-04
1.578331405652116537e+01,1.059969430833044901e-04
1.611414277253019733e+01,1.029239060734891227e-04
1.645190587753660694e+01,1.002469550829692839e-04
1.679674872092653004e+01,9.751389342672706301e-05
1.714881969870540956e+01,9.472354498804672366e-05
1.750827031735723338e+01,9.187470899802730199e-05
1.787525525904235479e+01,8.900813123690777388e-05
1.824993244816150550e+01,8.665998259384180699e-05
1.863246311931559873e+01,8.426261520002391293e-05
1.902301188668945642e+01,8.181499739784068269e-05
1.942174681489024479e+01,7.931607590545182982e-05
1.982883949127071332e+01,7.689135030360046445e-05
2.024446509976801778e+01,7.479001819496694341e-05
2.066880249629081945e+01,7.264464077361128616e-05
2.110203428568596706e+01,7.045429482060755651e-05
2.154434690031882127e+01,6.821803776574974555e-05
2.199593068030074861e+01,6.629579110575021877e-05
2.245697995539771696e+01,6.438371111343516896e-05
2.292769312865648601e+01,6.243155265809886270e-05
2.340827276178294269e+01,6.043847566861235420e-05
2.389892566231047866e+01,5.870027155938672991e-05
2.439986297259550341e+01,5.697177317855745405e-05
2.491130026067785863e+01,5.520704432687124983e-05
2.543345761304648178e+01,5.345208551668705023e-05
2.596655972934872381e+01,5.190272309910474866e-05
2.651083601908536380e+01,5.032088501909798436e-05
2.706652070033241131e+01,4.870589056527320054e-05
2.763385290053172838e+01,4.723493564056012125e-05
2.821307675939470627e+01,4.580167127303996560e-05
2.880444153396297935e+01,4.433836473511676456e-05
2.940820170587060645e+01,4.295272851700168010e-05
3.002461709085549302e+01,4.164157406128836327e-05
3.065395295056529790e+01,4.030293693979777485e-05
3.129648010670750580e+01,3.902835824124881951e-05
3.195247505759213524e+01,3.781851934164311174e-05
3.262222009711666715e+01,3.658332141741817183e-05
3.330600343624588788e+01,3.542943363335801065e-05
3.400411932703709539e+01,3.430429405942096699e-05
3.471686818926559681e+01,3.315557081482757156e-05
3.544455673970435328e+01,3.212277429651099050e-05
3.618749812411276423e+01,3.106885282229071370e-05
3.694601205199302285e+01,3.004975206741055828e-05
3.772042493417001197e+01,2.907636029418271024e-05
3.851107002325569084e+01,2.808839341714226725e-05
3.931828755705770106e+01,2.718380100588409893e-05
4.014242490499317739e+01,2.626024773856902139e-05
4.098383671757261482e+01,2.539153401920853757e-05
4.184288507901584353e+01,2.452827693115349817e-05
4.271993966306776969e+01,2.369663802281923704e-05
4.361537789208005478e+01,2.288534104438530374e-05
4.452958509942650522e+01,2.209424924697088384e-05
4.546295469532399380e+01,2.132786606682272724e-05
4.641588833612782139e+01,2.057843186561792838e-05
4.738879609717650965e+01,1.985096124326733407e-05
4.838209664925957298e+01,1.923534812564051897e-05
4.939621743878315385e+01,1.871497561907296695e-05
5.043159487171358535e+01,1.807027427985852803e-05
5.148867450137497315e+01,1.736061571405625093e-05
5.256791122018419316e+01,1.667573213443070625e-05
5.366976945540476152e+01,1.599128500418870954e-05
5.479472336900281704e+01,1.533965025416481062e-05
5.594325706169377810e+01,1.470162548567642357e-05
5.711586478126434940e+01,1.407520710735498302e-05
5.831305113526218520e+01,1.347579942834861827e-05
5.953533130814370367e+01,1.288280954372713980e-05
6.078323128297223832e+01,1.230448788591316895e-05
6.205728806776500761e+01,1.175264767913549794e-05
6.335804992658254520e+01,1.120989379083192161e-05
6.468607661546320742e+01,1.067744223515280267e-05
6.604193962330305112e+01,1.016989985625400669e-05
6.742622241778335024e+01,9.671907100657902790e-06
6.883952069645496863e+01,9.185850734278861688e-06
7.028244264308352740e+01,8.715985075679593411e-06
7.175560918936920984e+01,8.266805869342342127e-06
7.325965428215229736e+01,7.829364462134328411e-06
7.479522515621813739e+01,7.405944963855775438e-06
7.636298261282242095e+01,6.996787352334451320e-06
7.796360130405237499e+01,6.599098487849564909e-06
7.959777002314977778e+01,6.215719400604405987e-06
8.126619200091946027e+01,5.848466572486595300e-06
8.296958520834914452e+01,5.493392121762202071e-06
8.470868266557401682e+01,5.151474534942789056e-06
8.648423275731727244e+01,4.821559992337908820e-06
8.829699955494082531e+01,4.502816216950852784e-06
9.014776314524917211e+01,4.195959000587766822e-06
9.203731996618230937e+01,3.902611080714458822e-06
9.396648314954690306e+01,3.621888609217891257e-06
9.593608287093147169e+01,3.353801271227203492e-06
9.794696670695385876e+01,3.097108152414446753e-06
1.000000000000000000e+02,2.852209715418716940e-06
1.020960662306047624e+02,2.618207012437122580e-06
1.042360673976401131e+02,2.396950402174225316e-06
1.064209244064724658e+02,2.187251996350042443e-06
1.086515774652537232e+02,1.988983334569328786e-06
1.109289864895222735e+02,1.801264441701259940e-06
1.132541315152812587e+02,1.624053292267609701e-06
1.156280131207375348e+02,1.458627545762626929e-06
1.180516528568805512e+02,1.304321834664886299e-06
1.205260936870841419e+02,1.159847630895945373e-06
1.230524004359261596e+02,1.026240378213634366e-06
1.256316602474121424e+02,9.036783818321514845e-07
1.282649830528060022e+02,7.910994570401212761e-07
1.309535020482667562e+02,6.907577601617611642e-07
1.336983741824945184e+02,6.016815723632379662e-07
1.365007806546013853e+02,5.300577234708541491e-07
1.393619274224143396e+02,4.853698915695533045e-07
1.422830457214352009e+02,4.167822490637547499e-07
1.452653925946781328e+02,3.424326660855992563e-07
1.483102514336102900e+02,2.698556778108609321e-07
1.514189325304351996e+02,2.019838463708584614e-07
1.545927736419478435e+02,1.420678312323028036e-07
1.578331405652116359e+02,9.359787689185870070e-08
1.611414277253019804e+02,5.675427548284735120e-08
1.645190587753660907e+02,3.121880687984991616e-08
1.679674872092653288e+02,1.534669063788099657e-08
1.714881969870540956e+02,6.683020254354473156e-09
1.750827031735723267e+02,2.564199322079466471e-09
1.787525525904235337e+02,8.402164111847108756e-10
1.824993244816150479e+02,2.302313267245922698e-10
1.863246311931559944e+02,5.141063638612390859e-11
1.902301188668945713e+02,0.000000000000000000e+00
1.942174681489024408e+02,0.000000000000000000e+00
1.982883949127071332e+02,0.000000000000000000e+00
2.024446509976801849e+02,0.000000000000000000e+00
2.066880249629082016e+02,0.000000000000000000e+00
2.110203428568596564e+02,0.000000000000000000e+00
2.154434690031882269e+02,0.000000000000000000e+00
2.199593068030074789e+02,0.000000000000000000e+00
2.245697995539771625e+02,0.000000000000000000e+00
2.292769312865648885e+02,0.000000000000000000e+00
2.340827276178294198e+02,0.000000000000000000e+00
2.389892566231047795e+02,0.000000000000000000e+00
2.439986297259550270e+02,0.000000000000000000e+00
2.491130026067785934e+02,0.000000000000000000e+00
2.543345761304648249e+02,0.000000000000000000e+00
2.596655972934872239e+02,0.000000000000000000e+00
2.651083601908536025e+02,0.000000000000000000e+00
2.706652070033241557e+02,0.000000000000000000e+00
2.763385290053172412e+02,0.000000000000000000e+00
2.821307675939470982e+02,0.000000000000000000e+00
2.880444153396297793e+02,0.000000000000000000e+00
2.940820170587060716e+02,0.000000000000000000e+00
3.002461709085549160e+02,0.000000000000000000e+00
3.065395295056529790e+02,0.000000000000000000e+00
3.129648010670750296e+02,0.000000000000000000e+00
3.195247505759213595e+02,0.000000000000000000e+00
3.262222009711666715e+02,0.000000000000000000e+00
3.330600343624588504e+02,0.000000000000000000e+00
3.400411932703709681e+02,0.000000000000000000e+00
3.471686818926559681e+02,0.000000000000000000e+00
3.544455673970435328e+02,0.000000000000000000e+00
3.618749812411276707e+02,0.000000000000000000e+00
3.694601205199302285e+02,0.000000000000000000e+00
3.772042493417001197e+02,0.000000000000000000e+00
3.851107002325568942e+02,0.000000000000000000e+00
3.931828755705770391e+02,0.000000000000000000e+00
4.014242490499318023e+02,0.000000000000000000e+00
4.098383671757261482e+02,0.000000000000000000e+00
4.184288507901584353e+02,0.000000000000000000e+00
4.271993966306776542e+02,0.000000000000000000e+00
4.361537789208005620e+02,0.000000000000000000e+00
4.452958509942650949e+02,0.000000000000000000e+00
4.546295469532399238e+02,0.000000000000000000e+00
4.641588833612781855e+02,0.000000000000000000e+00
4.738879609717650965e+02,0.000000000000000000e+00
4.838209664925957441e+02,0.000000000000000000e+00
4.939621743878315669e+02,0.000000000000000000e+00
5.043159487171358819e+02,0.000000000000000000e+00
5.148867450137497599e+02,0.000000000000000000e+00
5.256791122018419173e+02,0.000000000000000000e+00
5.366976945540476436e+02,0.000000000000000000e+00
5.479472336900281562e+02,0.000000000000000000e+00
5.594325706169377099e+02,0.000000000000000000e+00
5.711586478126434940e+02,0.000000000000000000e+00
5.831305113526218520e+02,0.000000000000000000e+00
5.953533130814370224e+02,0.000000000000000000e+00
6.078323128297223548e+02,0.000000000000000000e+00
6.205728806776500051e+02,0.000000000000000000e+00
6.335804992658254378e+02,0.000000000000000000e+00
6.468607661546320742e+02,0.000000000000000000e+00
6.604193962330305112e+02,0.000000000000000000e+00
6.742622241778335592e+02,0.000000000000000000e+00
6.883952069645496294e+02,0.000000000000000000e+00
7.028244264308352740e+02,0.000000000000000000e+00
7.175560918936921553e+02,0.000000000000000000e+00
7.325965428215230304e+02,0.000000000000000000e+00
7.479522515621813454e+02,0.000000000000000000e+00
7.636298261282241810e+02,0.000000000000000000e+00
7.796360130405237214e+02,0.000000000000000000e+00
7.959777002314978063e+02,0.000000000000000000e+00
8.126619200091945459e+02,0.000000000000000000e+00
8.296958520834898536e+02,0.000000000000000000e+00
8.470868266557401967e+02,0.000000000000000000e+00
8.648423275731726108e+02,0.000000000000000000e+00
8.829699955494082815e+02,0.000000000000000000e+00
9.014776314524917780e+02,0.000000000000000000e+00
9.203731996618230369e+02,0.000000000000000000e+00
9.396648314954691159e+02,0.000000000000000000e+00
9.593608287093146600e+02,0.000000000000000000e+00
9.794696670695385592e+02,0.000000000000000000e+00
1.000000000000000000e+03,0.000000000000000000e+00
1.020960662306047539e+03,0.000000000000000000e+00
1.042360673976403177e+03,0.000000000000000000e+00
1.064209244064722498e+03,0.000000000000000000e+00
1.086515774652537175e+03,0.000000000000000000e+00
1.109289864895222763e+03,0.000000000000000000e+00
1.132541315152812558e+03,0.000000000000000000e+00
1.156280131207377735e+03,0.000000000000000000e+00
1.180516528568803096e+03,0.000000000000000000e+00
1.205260936870841306e+03,0.000000000000000000e+00
1.230524004359261653e+03,0.000000000000000000e+00
1.256316602474121510e+03,0.000000000000000000e+00
1.282649830528062466e+03,0.000000000000000000e+00
1.309535020482665004e+03,0.000000000000000000e+00
1.336983741824945128e+03,0.000000000000000000e+00
1.365007806546013853e+03,0.000000000000000000e+00
1.393619274224143510e+03,0.000000000000000000e+00
1.422830457214354738e+03,0.000000000000000000e+00
1.452653925946778145e+03,0.000000000000000000e+00
1.483102514336102786e+03,0.000000000000000000e+00
1.514189325304351996e+03,0.000000000000000000e+00
1.545927736419478606e+03,0.000000000000000000e+00
1.578331405652119656e+03,0.000000000000000000e+00
1.611414277253016508e+03,0.000000000000000000e+00
1.645190587753660793e+03,0.000000000000000000e+00
1.679674872092653231e+03,0.000000000000000000e+00
1.714881969870540843e+03,0.000000000000000000e+00
1.750827031735726905e+03,0.000000000000000000e+00
1.787525525904231699e+03,0.000000000000000000e+00
1.824993244816150536e+03,0.000000000000000000e+00
1.863246311931559831e+03,0.000000000000000000e+00
1.902301188668945770e+03,0.000000000000000000e+00
1.942174681489028444e+03,0.000000000000000000e+00
1.982883949127067353e+03,0.000000000000000000e+00
2.024446509976801735e+03,0.000000000000000000e+00
2.066880249629081845e+03,0.000000000000000000e+00
2.110203428568596337e+03,0.000000000000000000e+00
2.154434690031886475e+03,0.000000000000000000e+00
2.199593068030070299e+03,0.000000000000000000e+00
2.245697995539771910e+03,0.000000000000000000e+00
2.292769312865648772e+03,0.000000000000000000e+00
2.340827276178294142e+03,0.000000000000000000e+00
2.389892566231052569e+03,0.000000000000000000e+00
2.439986297259545154e+03,0.000000000000000000e+00
2.491130026067785820e+03,0.000000000000000000e+00
2.543345761304648022e+03,0.000000000000000000e+00
2.596655972934872352e+03,0.000000000000000000e+00
2.651083601908541823e+03,0.000000000000000000e+00
2.706652070033235759e+03,0.000000000000000000e+00
2.763385290053166955e+03,0.000000000000000000e+00
2.821307675939470755e+03,0.000000000000000000e+00
2.880444153396297679e+03,0.000000000000000000e+00
2.940820170587066514e+03,0.000000000000000000e+00
3.002461709085543134e+03,0.000000000000000000e+00
3.065395295056523537e+03,0.000000000000000000e+00
3.129648010670750409e+03,0.000000000000000000e+00
3.195247505759213709e+03,0.000000000000000000e+00
3.262222009711673309e+03,0.000000000000000000e+00
3.330600343624581910e+03,0.000000000000000000e+00
3.400411932703702405e+03,0.000000000000000000e+00
3.471686818926559681e+03,0.000000000000000000e+00
3.544455673970435782e+03,0.000000000000000000e+00
3.618749812411283983e+03,0.000000000000000000e+00
3.694601205199294782e+03,0.000000000000000000e+00
3.772042493416993693e+03,0.000000000000000000e+00
3.851107002325568828e+03,0.000000000000000000e+00
3.931828755705770163e+03,0.000000000000000000e+00
4.014242490499325868e+03,0.000000000000000000e+00
4.098383671757253069e+03,0.000000000000000000e+00
4.184288507901575940e+03,0.000000000000000000e+00
4.271993966306776201e+03,0.000000000000000000e+00
4.361537789208005961e+03,0.000000000000000000e+00
4.452958509942660385e+03,0.000000000000000000e+00
4.546295469532390598e+03,0.000000000000000000e+00
4.641588833612772760e+03,0.000000000000000000e+00
4.738879609717650965e+03,0.000000000000000000e+00
4.838209664925957441e+03,0.000000000000000000e+00
4.939621743878326015e+03,0.000000000000000000e+00
5.043159487171348701e+03,0.000000000000000000e+00
5.148867450137487140e+03,0.000000000000000000e+00
5.256791122018418719e+03,0.000000000000000000e+00
5.366976945540475754e+03,0.000000000000000000e+00
5.479472336900292248e+03,0.000000000000000000e+00
5.594325706169389377e+03,0.000000000000000000e+00
5.711586478126423572e+03,0.000000000000000000e+00
5.831305113526218520e+03,0.000000000000000000e+00
5.953533130814370452e+03,0.000000000000000000e+00
6.078323128297236508e+03,0.000000000000000000e+00
6.205728806776513011e+03,0.000000000000000000e+00
6.335804992658241645e+03,0.000000000000000000e+00
6.468607661546320742e+03,0.000000000000000000e+00
6.604193962330305112e+03,0.000000000000000000e+00
6.742622241778349235e+03,0.000000000000000000e+00
6.883952069645510164e+03,0.000000000000000000e+00
7.028244264308338643e+03,0.000000000000000000e+00
7.175560918936920643e+03,0.000000000000000000e+00
7.325965428215230531e+03,0.000000000000000000e+00
7.479522515621828461e+03,0.000000000000000000e+00
7.636298261282257045e+03,0.000000000000000000e+00
7.796360130405220843e+03,0.000000000000000000e+00
7.959777002314977835e+03,0.000000000000000000e+00
8.126619200091945459e+03,0.000000000000000000e+00
8.296958520834914452e+03,0.000000000000000000e+00
8.470868266557419702e+03,0.000000000000000000e+00
8.648423275731709509e+03,0.000000000000000000e+00
8.829699955494083042e+03,0.000000000000000000e+00
9.014776314524917325e+03,0.000000000000000000e+00
9.203731996618229459e+03,0.000000000000000000e+00
9.396648314954709349e+03,0.000000000000000000e+00
9.593608287093127728e+03,0.000000000000000000e+00
9.794696670695386274e+03,0.000000000000000000e+00
1.000000000000000000e+04,0.000000000000000000e+00
