# s-wave thermal relic cross section
# Columns are: log10(m_DM), log10(<sigma v>), with units of MeV and cm^3/s.
-3.,-25.502091931508645
-2.99,-25.501239585854975
-2.98,-25.500388915225862
-2.97,-25.499539912991686
-2.96,-25.498692572561843
-2.95,-25.49784688738442
-2.94,-25.497002850945886
-2.93,-25.496160456770834
-2.92,-25.495319698421635
-2.91,-25.49448056949818
-2.9,-25.493643063637567
-2.89,-25.49280717507498
-2.88,-25.49197289681776
-2.87,-25.491140222474012
-2.86,-25.490309145688972
-2.85,-25.48947966014474
-2.84,-25.488651759662105
-2.83,-25.487825437868025
-2.82,-25.48700068852819
-2.81,-25.486177505444207
-2.8,-25.485355882453323
-2.79,-25.484535812562548
-2.78,-25.48371729076451
-2.77,-25.482900311216163
-2.76,-25.4820848681074
-2.75,-25.481270955660857
-2.74,-25.48045856899536
-2.73,-25.47964770131575
-2.7199999999999998,-25.47883834672744
-2.71,-25.478030499369183
-2.7,-25.477224153412813
-2.69,-25.476419302235584
-2.68,-25.475615941111748
-2.67,-25.474814064515865
-2.66,-25.474013666953116
-2.65,-25.473214742959033
-2.64,-25.472417287806795
-2.63,-25.47162129520541
-2.62,-25.470826759604975
-2.61,-25.47003367548636
-2.6,-25.469242037360974
-2.59,-25.468451839233825
-2.58,-25.467663076349364
-2.57,-25.466875743442248
-2.56,-25.466089835275838
-2.55,-25.46530534664199
-2.54,-25.46452227326238
-2.53,-25.463740608855442
-2.52,-25.462960348073914
-2.51,-25.462181485599807
-2.5,-25.46140401614419
-2.49,-25.460627932939182
-2.48,-25.459853232642807
-2.4699999999999998,-25.459079910425626
-2.46,-25.458307961483786
-2.45,-25.457537381038826
-2.44,-25.456768165294484
-2.4299999999999997,-25.456000308323354
-2.42,-25.455233805184974
-2.41,-25.45446865096523
-2.4,-25.453704840776183
-2.39,-25.45294236942148
-2.38,-25.45218123248399
-2.37,-25.45142142523606
-2.36,-25.450662942974876
-2.35,-25.449905781022316
-2.34,-25.449149935580014
-2.33,-25.448395400947064
-2.32,-25.447642172306434
-2.31,-25.446890244866573
-2.3,-25.446139613861202
-2.29,-25.445390273251043
-2.2800000000000002,-25.444642219946463
-2.27,-25.443895449577745
-2.26,-25.44314995779755
-2.25,-25.442405740280783
-2.24,-25.44166279361718
-2.23,-25.440921112407025
-2.2199999999999998,-25.440180692169736
-2.21,-25.43944152844787
-2.2,-25.43870361680695
-2.19,-25.43796695213459
-2.1799999999999997,-25.43723153091982
-2.17,-25.436497348969873
-2.16,-25.43576440211316
-2.15,-25.435032686199147
-2.14,-25.434302197751805
-2.13,-25.433572931843326
-2.12,-25.43284488422344
-2.11,-25.432118050663426
-2.1,-25.431392426956013
-2.09,-25.43066800840202
-2.08,-25.429944791479542
-2.07,-25.42922277217191
-2.06,-25.428501946482488
-2.05,-25.427782310434495
-2.04,-25.427064051907823
-2.0300000000000002,-25.426346926614976
-2.02,-25.425630883076508
-2.01,-25.424915870145295
-2.,-25.424201837003935
-1.99,-25.423488098362725
-1.98,-25.422775399376782
-1.97,-25.42206384759625
-1.96,-25.421353549861934
-1.95,-25.420644612311232
-1.94,-25.41993752804482
-1.93,-25.419231916134525
-1.92,-25.418527784521597
-1.91,-25.41782514109067
-1.9,-25.417123993670344
-1.89,-25.416423158664973
-1.88,-25.415724136354743
-1.8699999999999999,-25.415027229836223
-1.8599999999999999,-25.414332740264996
-1.8499999999999999,-25.41364096687932
-1.84,-25.412950579504027
-1.83,-25.41226391251886
-1.82,-25.41158166320166
-1.81,-25.41090452452092
-1.8,-25.410233185229238
-1.79,-25.409572576015787
-1.78,-25.40891805874395
-1.77,-25.408269256831556
-1.76,-25.407625796100426
-1.75,-25.40698730472074
-1.74,-25.406355433820092
-1.73,-25.405727285169643
-1.72,-25.405101992216313
-1.71,-25.404478693418824
-1.7,-25.4038565321818
-1.69,-25.403231869598002
-1.68,-25.402607349844367
-1.67,-25.40198282274187
-1.66,-25.40135813897486
-1.65,-25.400733150088207
-1.64,-25.40010675315101
-1.63,-25.399479997999897
-1.6199999999999999,-25.398852975860102
-1.6099999999999999,-25.398225777437364
-1.5999999999999999,-25.39759849291936
-1.59,-25.39697155951984
-1.58,-25.396344631089512
-1.57,-25.3957177100148
-1.56,-25.39509079867018
-1.55,-25.394463899418216
-1.54,-25.393836882150417
-1.53,-25.393209915114014
-1.52,-25.392583033511443
-1.51,-25.39195627234335
-1.5,-25.391329666409362
-1.49,-25.390703318194213
-1.48,-25.3900771770703
-1.47,-25.389451260390633
-1.46,-25.388825585407872
-1.45,-25.38820016927481
-1.44,-25.387575043461975
-1.43,-25.386950206866008
-1.42,-25.386325672764496
-1.41,-25.385701454357598
-1.4,-25.38507756476841
-1.39,-25.384454017406874
-1.38,-25.38383082478777
-1.3699999999999999,-25.383207999715054
-1.3599999999999999,-25.382585554917664
-1.3499999999999999,-25.3819635030499
-1.3399999999999999,-25.3813418697006
-1.33,-25.380720651082402
-1.32,-25.380099856399134
-1.31,-25.379479494799998
-1.3,-25.378859575379835
-1.29,-25.378240105188908
-1.28,-25.377621095707426
-1.27,-25.377002556363074
-1.26,-25.37638449652755
-1.25,-25.37576692551688
-1.24,-25.37514986504041
-1.23,-25.374533308712017
-1.22,-25.373917262592585
-1.21,-25.373301732706075
-1.2,-25.372686725039774
-1.19,-25.37207224156647
-1.18,-25.371458293183032
-1.17,-25.370844886755386
-1.16,-25.370232029108024
-1.15,-25.369619727024276
-1.14,-25.369008000096212
-1.13,-25.36839683893178
-1.1199999999999999,-25.367786247002464
-1.1099999999999999,-25.36717622775746
-1.0999999999999999,-25.366566784623814
-1.0899999999999999,-25.365957914948964
-1.08,-25.365349629702873
-1.07,-25.364741933750697
-1.06,-25.36413483192756
-1.05,-25.363528329038765
-1.04,-25.362922458726274
-1.03,-25.36231718958298
-1.02,-25.361712519159628
-1.01,-25.361108445017702
-1.,-25.360504964729408
-0.9899999999999998,-25.359902120291625
-0.98,-25.359299853672503
-0.9699999999999998,-25.358698151449715
-0.96,-25.358097000272444
-0.9500000000000002,-25.35749638686099
-0.94,-25.356895382366563
-0.9300000000000002,-25.35629512041218
-0.9199999999999999,-25.355695815252542
-0.9100000000000001,-25.355097679959098
-0.8999999999999999,-25.35450092642936
-0.8900000000000001,-25.353905847863697
-0.8799999999999999,-25.353312550563448
-0.8700000000000001,-25.3527212224951
-0.8599999999999999,-25.352132050608866
-0.8500000000000001,-25.351545220851154
-0.8399999999999999,-25.350962444270383
-0.8300000000000001,-25.350381993659024
-0.8199999999999998,-25.34980367308401
-0.81,-25.349227287665077
-0.7999999999999998,-25.348652643562275
-0.79,-25.348081670884866
-0.7799999999999998,-25.347511519308465
-0.77,-25.346941470818297
-0.7599999999999998,-25.34637081116133
-0.75,-25.34579882983812
-0.7399999999999998,-25.345212551618808
-0.73,-25.344626637861595
-0.7199999999999998,-25.344043435978396
-0.71,-25.343465280811937
-0.6999999999999997,-25.342894494886288
-0.69,-25.342335377830324
-0.6800000000000002,-25.341787738065108
-0.6699999999999999,-25.341253369884008
-0.6600000000000001,-25.34073405976083
-0.6499999999999999,-25.340231586959906
-0.6400000000000001,-25.339752218280186
-0.6299999999999999,-25.339292094733793
-0.6200000000000001,-25.338851861203345
-0.6099999999999999,-25.33843216250389
-0.6000000000000001,-25.338033643690075
-0.5899999999999999,-25.337653576044673
-0.5800000000000001,-25.337296828800486
-0.5699999999999998,-25.336964889419864
-0.56,-25.336659244811738
-0.5499999999999998,-25.336381382215375
-0.54,-25.33614069408772
-0.5299999999999998,-25.335928784395932
-0.52,-25.335745177177962
-0.5099999999999998,-25.335589402831975
-0.5,-25.335460997811968
-0.48999999999999977,-25.335358198291104
-0.48,-25.33528218490738
-0.46999999999999975,-25.33523283661348
-0.45999999999999996,-25.335210037339174
-0.44999999999999973,-25.33521367592021
-0.43999999999999995,-25.335243413746152
-0.43000000000000016,-25.33529943956726
-0.41999999999999993,-25.335381714623566
-0.41000000000000014,-25.335490204887847
-0.3999999999999999,-25.335624881045096
-0.3900000000000001,-25.33578351158445
-0.3799999999999999,-25.335968833522124
-0.3700000000000001,-25.336181384217777
-0.3599999999999999,-25.336421707109466
-0.3500000000000001,-25.336690352059037
-0.33999999999999986,-25.33699589740614
-0.33000000000000007,-25.33732889049102
-0.31999999999999984,-25.33768789063532
-0.31000000000000005,-25.338071457148004
-0.2999999999999998,-25.33847814847632
-0.29000000000000004,-25.338906328086654
-0.2799999999999998,-25.339354791634673
-0.27,-25.33982213890759
-0.2599999999999998,-25.340306966122252
-0.25,-25.34080786532076
-0.23999999999999977,-25.34132290412845
-0.22999999999999998,-25.341851313087904
-0.21999999999999975,-25.342391799198627
-0.20999999999999996,-25.342943063984627
-0.19999999999999973,-25.343503803132297
-0.18999999999999995,-25.3440763678423
-0.18000000000000016,-25.344654872610885
-0.16999999999999993,-25.345237072393257
-0.16000000000000014,-25.345820710180146
-0.1499999999999999,-25.346403516824036
-0.14000000000000012,-25.34697130666341
-0.1299999999999999,-25.34753663927224
-0.1200000000000001,-25.348100205064924
-0.10999999999999988,-25.348662698096415
-0.10000000000000009,-25.349224816051347
-0.08999999999999986,-25.349786723327256
-0.08000000000000007,-25.35034979480645
-0.06999999999999984,-25.350914874202417
-0.06000000000000005,-25.351482809633843
-0.04999999999999982,-25.35205445368643
-0.040000000000000036,-25.35262612313763
-0.029999999999999805,-25.353204344586917
-0.020000000000000018,-25.353791127064945
-0.009999999999999787,-25.35438849083565
0.,-25.354998467878147
0.010000000000000231,-25.355613041898383
0.020000000000000018,-25.3562468199952
0.03000000000000025,-25.356904405768617
0.040000000000000036,-25.357590433939574
0.050000000000000266,-25.35830957324432
0.06000000000000005,-25.35908905993388
0.07000000000000028,-25.359905552426337
0.08000000000000007,-25.360758163796547
0.08999999999999986,-25.361646008527355
0.10000000000000009,-25.362568201742636
0.10999999999999988,-25.36354265621235
0.1200000000000001,-25.36454506438353
0.1299999999999999,-25.36556978804391
0.14000000000000012,-25.366611138911082
0.1499999999999999,-25.36766337576378
0.16000000000000014,-25.368702372249174
0.16999999999999993,-25.369745110498258
0.18000000000000016,-25.37079031850114
0.18999999999999995,-25.37183671193277
0.20000000000000018,-25.372882994024298
0.20999999999999996,-25.373931016419053
0.2200000000000002,-25.374975519346883
0.22999999999999998,-25.376014368542478
0.2400000000000002,-25.377045409608463
0.25,-25.378066468228525
0.26000000000000023,-25.379041304806584
0.27,-25.38001012856625
0.28000000000000025,-25.380979316512867
0.29000000000000004,-25.381955302916186
0.30000000000000027,-25.382944580164974
0.31000000000000005,-25.383887013206913
0.3200000000000003,-25.3848723045742
0.33000000000000007,-25.385923986010816
0.33999999999999986,-25.387065840743517
0.3500000000000001,-25.388321947806524
0.3599999999999999,-25.389771015715546
0.3700000000000001,-25.391370407032184
0.3799999999999999,-25.393131728791786
0.3900000000000001,-25.39506693744116
0.3999999999999999,-25.397188386880178
0.41000000000000014,-25.399573920303453
0.41999999999999993,-25.40215622716072
0.43000000000000016,-25.40493252787114
0.43999999999999995,-25.407900192524167
0.4500000000000002,-25.411056727137204
0.45999999999999996,-25.414377650827568
0.4700000000000002,-25.4178880241563
0.48,-25.421591412485643
0.4900000000000002,-25.42549168429153
0.5,-25.429593029024065
0.5100000000000002,-25.43388092491074
0.52,-25.438383731937957
0.5300000000000002,-25.443111717995105
0.54,-25.448075804857748
0.5500000000000003,-25.45328763357251
0.56,-25.458818854460254
0.5700000000000003,-25.4646101409241
0.5800000000000001,-25.47066007344213
0.5899999999999999,-25.476967347045868
0.6000000000000001,-25.48353074796719
0.6099999999999999,-25.490629173456174
0.6200000000000001,-25.49791963359947
0.6299999999999999,-25.505325590141315
0.6400000000000001,-25.512765087295648
0.6499999999999999,-25.520150373035513
0.6600000000000001,-25.52720321567362
0.6699999999999999,-25.53404917008785
0.6800000000000002,-25.540632542516622
0.69,-25.546894998601115
0.7000000000000002,-25.55277584446573
0.71,-25.55783019268013
0.7200000000000002,-25.562464282874345
0.73,-25.566714746678166
0.7400000000000002,-25.57062103603148
0.75,-25.57422513879678
0.7600000000000002,-25.57771843198375
0.77,-25.580965171766582
0.7800000000000002,-25.583975157528986
0.79,-25.586758943855298
0.8000000000000003,-25.589327791025553
0.81,-25.591648812096786
0.8200000000000003,-25.593790135471686
0.8300000000000001,-25.595776339939658
0.8399999999999999,-25.5976326665601
0.8500000000000001,-25.599384941602633
0.8599999999999999,-25.60106168258733
0.8700000000000001,-25.60268700779249
0.8799999999999999,-25.60428761610361
0.8900000000000001,-25.605890614079193
0.8999999999999999,-25.60752351280352
0.9100000000000001,-25.60937954472179
0.9199999999999999,-25.611281689876208
0.9300000000000002,-25.613216691160154
0.94,-25.615171059347055
0.9500000000000002,-25.617131062295215
0.96,-25.619038241005747
0.9700000000000002,-25.62093361477894
0.98,-25.622814068400388
0.9900000000000002,-25.624676435450507
1.,-25.626517498945415
1.0099999999999998,-25.62832140806379
1.0200000000000005,-25.63010048725421
1.0300000000000002,-25.631854586371443
1.04,-25.63358355977272
1.0499999999999998,-25.635287266412867
1.0600000000000005,-25.63697078404827
1.0700000000000003,-25.63862749829999
1.08,-25.64025595355563
1.0899999999999999,-25.64185468010982
1.0999999999999996,-25.643422194970814
1.1100000000000003,-25.64494917099819
1.12,-25.646443843629644
1.13,-25.647906688295684
1.1399999999999997,-25.649338196279672
1.1500000000000004,-25.65073887444132
1.1600000000000001,-25.652110366677533
1.17,-25.653451814028433
1.1799999999999997,-25.654763483441656
1.1900000000000004,-25.656045653024055
1.2000000000000002,-25.657298611894106
1.21,-25.658525191050654
1.2199999999999998,-25.659722549604016
1.2300000000000004,-25.660890366969024
1.2400000000000002,-25.662028326455896
1.25,-25.663136115475698
1.2599999999999998,-25.6642159915862
1.2700000000000005,-25.66526445455951
1.2800000000000002,-25.666280555789786
1.29,-25.667263345995554
1.2999999999999998,-25.66821187589396
1.3100000000000005,-25.66911615960481
1.3200000000000003,-25.669986514724954
1.33,-25.670824279701726
1.3399999999999999,-25.671630811687447
1.3500000000000005,-25.67240748559766
1.3600000000000003,-25.673155710824055
1.37,-25.67387687310764
1.38,-25.674572390834395
1.3899999999999997,-25.67524369664995
1.4000000000000004,-25.675892236676354
1.4100000000000001,-25.67652218790665
1.42,-25.67713163021195
1.4299999999999997,-25.67772136130377
1.4400000000000004,-25.67829218623135
1.4500000000000002,-25.678844917039648
1.46,-25.67937920198847
1.4699999999999998,-25.67989732674811
1.4800000000000004,-25.680400416851967
1.4900000000000002,-25.680889604832945
1.5,-25.681366029861916
1.5099999999999998,-25.681835580625894
1.5200000000000005,-25.682293488300992
1.5300000000000002,-25.68273971782095
1.54,-25.683174234993828
1.5499999999999998,-25.68359700651106
1.5600000000000005,-25.68400906246384
1.5700000000000003,-25.68440904491411
1.58,-25.68479665634909
1.5899999999999999,-25.685171599295657
1.6000000000000005,-25.685533576403902
1.6100000000000003,-25.68588111540218
1.62,-25.686215386774023
1.63,-25.686536389049113
1.6399999999999997,-25.686844122016257
1.6500000000000004,-25.687138586723528
1.6600000000000001,-25.68741978236997
1.67,-25.68768771640294
1.6799999999999997,-25.687942394425086
1.6900000000000004,-25.688183823296693
1.7000000000000002,-25.688412011133696
1.71,-25.688626696572946
1.7199999999999998,-25.68882822842938
1.7300000000000004,-25.689016686426356
1.7400000000000002,-25.689192151628134
1.75,-25.68935470641572
1.7599999999999998,-25.689504441273268
1.7700000000000005,-25.68964143263205
1.7800000000000002,-25.6897657649701
1.79,-25.68987752398166
1.7999999999999998,-25.689976796552394
1.8100000000000005,-25.690063278969948
1.8200000000000003,-25.690137550015667
1.83,-25.690199798045622
1.8399999999999999,-25.690250212535034
1.8500000000000005,-25.690288984026257
1.8600000000000003,-25.69031587732126
1.87,-25.69033161836056
1.88,-25.69033650731144
1.8899999999999997,-25.690330845183492
1.9000000000000004,-25.69031493375442
1.9100000000000001,-25.69028927802909
1.92,-25.690253927913574
1.9299999999999997,-25.690209136443233
1.9400000000000004,-25.690155157176314
1.9500000000000002,-25.690092244139596
1.96,-25.690020651775427
1.9699999999999998,-25.68994063489019
1.9800000000000004,-25.689852448604192
1.9900000000000002,-25.68975634830303
2.,-25.689652589590374
