1.000000000000000082e-05,1.584116010733511359e+02
1.020960662306047607e-05,1.551593582535400913e+02
1.042360673976401146e-05,1.519738870226750294e+02
1.064209244064724650e-05,1.488538051786569270e+02
1.086515774652537261e-05,1.457977918724873803e+02
1.109289864895222712e-05,1.428045094462136433e+02
1.132541315152812671e-05,1.398726858541147067e+02
1.156280131207375302e-05,1.370010544262473502e+02
1.180516528568805612e-05,1.341883707436098518e+02
1.205260936870841401e-05,1.314334430287382816e+02
1.230524004359261647e-05,1.287350654808179797e+02
1.256316602474121465e-05,1.260920926369790749e+02
1.282649830528059917e-05,1.235033807502424423e+02
1.309535020482667643e-05,1.209678097121664564e+02
1.336983741824945150e-05,1.184843037739264702e+02
1.365007806546013744e-05,1.160517765668000010e+02
1.393619274224143468e-05,1.136691960068678924e+02
1.422830457214351858e-05,1.113355298211193798e+02
1.452653925946781202e-05,1.090497696867210209e+02
1.483102514336102853e-05,1.068109444026405583e+02
1.514189325304351951e-05,1.046180753288260519e+02
1.545927736419478539e-05,1.024702324700570841e+02
1.578331405652116359e-05,1.003664844048865064e+02
1.611414277253019959e-05,9.830592318863418200e+01
1.645190587753660725e-05,9.628767207874491874e+01
1.679674872092653225e-05,9.431084943047265767e+01
1.714881969870540916e-05,9.237461732430010386e+01
1.750827031735723228e-05,9.047813530950580230e+01
1.787525525904235524e-05,8.862058582826600173e+01
1.824993244816150412e-05,8.680117747076340606e+01
1.863246311931559903e-05,8.501911586723004177e+01
1.902301188668945850e-05,8.327364612067472649e+01
1.942174681489024571e-05,8.156400978498342624e+01
1.982883949127071257e-05,7.988947077230561433e+01
2.024446509976801623e-05,7.824931477458274287e+01
2.066880249629082024e-05,7.664282591072083051e+01
2.110203428568596656e-05,7.506932416537013353e+01
2.154434690031882321e-05,7.352812502667407557e+01
2.199593068030074845e-05,7.201856584120618265e+01
2.245697995539776298e-05,7.054000183201389973e+01
2.292769312865648647e-05,6.909178793861724444e+01
2.340827276178294449e-05,6.767331142579469372e+01
2.389892566231047836e-05,6.628395468947536529e+01
2.439986297259550131e-05,6.492312106859564835e+01
2.491130026067790961e-05,6.359022864014956156e+01
2.543345761304648090e-05,6.228469616633743300e+01
2.596655972934872479e-05,6.100597138632097227e+01
2.651083601908536211e-05,5.975349722512115846e+01
2.706652070033241139e-05,5.852673629349857265e+01
2.763385290053172626e-05,5.732516355786876971e+01
2.821307675939470740e-05,5.614825518133086746e+01
2.880444153396297702e-05,5.499551351242532604e+01
2.940820170587060722e-05,5.386643593826133980e+01
3.002461709085549186e-05,5.276053848776218302e+01
3.065395295056530018e-05,5.167734750327220894e+01
3.129648010670750265e-05,5.061639090910070848e+01
3.195247505759213607e-05,4.957722014609930028e+01
3.262222009711666644e-05,4.855938187624089863e+01
3.330600343624588548e-05,4.756244012917284891e+01
3.400411932703709724e-05,4.658596769236203272e+01
3.471686818926559409e-05,4.562953904119721216e+01
3.544455673970435463e-05,4.469274987401485788e+01
3.618749812411276967e-05,4.377519135426971530e+01
3.694601205199302477e-05,4.287647074475137288e+01
3.772042493417001620e-05,4.199620264702372197e+01
3.851107002325568519e-05,4.113400363431993156e+01
3.931828755705769966e-05,4.028950917761832073e+01
4.014242490499317844e-05,3.946235060825051022e+01
4.098383671757261184e-05,3.865217415408228163e+01
4.184288507901584570e-05,3.785863209752809411e+01
4.271993966306776293e-05,3.708137901063851416e+01
4.361537789208005635e-05,3.632008618113747644e+01
4.452958509942659792e-05,3.557442114364418728e+01
4.546295469532399562e-05,3.484406525552372358e+01
4.641588833612781789e-05,3.412870480441322485e+01
4.738879609717651056e-05,3.342802856279623569e+01
4.838209664925957121e-05,3.274174014169699376e+01
4.939621743878325959e-05,3.206953969225479995e+01
5.043159487171358695e-05,3.141114026316025942e+01
5.148867450137497919e-05,3.076625880274528413e+01
5.256791122018419400e-05,3.013461485078360624e+01
5.366976945540475778e-05,2.951594121371230628e+01
5.479472336900292591e-05,2.890996746048373822e+01
5.594325706169377268e-05,2.831643517583874470e+01
5.711586478126435033e-05,2.773508893966989675e+01
5.831305113526218489e-05,2.716567605444191713e+01
5.953533130814369864e-05,2.660795564737783536e+01
6.078323128297236501e-05,2.606168377577528972e+01
6.205728806776500081e-05,2.552662779370839630e+01
6.335804992658254750e-05,2.500255710014526400e+01
6.468607661546321112e-05,2.448924414994435139e+01
6.604193962330304700e-05,2.398647171332773809e+01
6.742622241778349222e-05,2.349401975040992241e+01
6.883952069645495682e-05,2.301167883589672059e+01
7.028244264308352554e-05,2.253924077412340665e+01
7.175560918936921718e-05,2.207650067010239070e+01
7.325965428215229914e-05,2.162326256619391174e+01
7.479522515621828658e-05,2.117932806804922663e+01
7.636298261282241959e-05,2.074450861284640268e+01
7.796360130405236585e-05,2.031861620591545403e+01
7.959777002314977982e-05,1.990146640872291428e+01
8.126619200091945365e-05,1.949288237159187531e+01
8.296958520834915780e-05,1.909268530260094110e+01
8.470868266557402936e-05,1.870070536257463800e+01
8.648423275731726594e-05,1.831677282797925699e+01
8.829699955494083421e-05,1.794072167895833303e+01
9.014776314524917239e-05,1.757239227131223558e+01
9.203731996618230639e-05,1.721162353739839190e+01
9.396648314954690162e-05,1.685826243171216277e+01
9.593608287093146887e-05,1.651215579719428916e+01
9.794696670695385331e-05,1.617315416673092798e+01
1.000000000000000048e-04,1.584111341175279186e+01
1.020960662306046523e-04,1.551588843150465991e+01
1.042360673976401179e-04,1.519734133016181765e+01
1.064209244064724582e-04,1.488533391347679924e+01
1.086515774652538379e-04,1.457973158740575670e+01
1.109289864895222780e-04,1.428040424698473387e+01
1.132541315152811519e-04,1.398722116905495483e+01
1.156280131207375404e-04,1.370005811114303285e+01
1.180516528568805612e-04,1.341879037191937840e+01
1.205260936870842587e-04,1.314329676326126517e+01
1.230524004359261579e-04,1.287345984686083789e+01
1.256316602474121533e-04,1.260916182845772582e+01
1.282649830528059917e-04,1.235029078524274482e+01
1.309535020482667609e-04,1.209673417465915435e+01
1.336983741824946607e-04,1.184838289172733816e+01
1.365007806546013845e-04,1.160513093914439509e+01
1.393619274224143468e-04,1.136687216239585574e+01
1.422830457214352027e-04,1.113350573190217929e+01
1.452653925946781202e-04,1.090493008653790774e+01
1.483102514336104446e-04,1.068104700060147039e+01
1.514189325304352018e-04,1.046176079659674052e+01
1.545927736419478403e-04,1.024697582644446392e+01
1.578331405652116427e-04,1.003660122265026899e+01
1.611414277253019891e-04,9.830545365527836310e+00
1.645190587753662351e-04,9.628719800336556389e+00
1.679674872092653225e-04,9.431038187284332963e+00
1.714881969870540781e-04,9.237414334115692682e+00
1.750827031735723363e-04,9.047766348308138973e+00
1.787525525904235457e-04,8.862011579652811832e+00
1.824993244816152445e-04,8.680070365490408335e+00
1.863246311931559835e-04,8.501864807836170712e+00
1.902301188668945714e-04,8.327317228012079298e+00
1.942174681489024571e-04,8.156353827629891029e+00
1.982883949127071325e-04,7.988900041943746366e+00
2.024446509976803791e-04,7.824884117115051829e+00
2.066880249629082160e-04,7.664235790442569751e+00
2.110203428568596521e-04,7.506885049926827591e+00
2.154434690031882321e-04,7.352765375334754161e+00
2.199593068030074913e-04,7.201809519868051623e+00
2.245697995539773994e-04,7.053952843641790871e+00
2.292769312865648647e-04,6.909131969101321324e+00
2.340827276178294449e-04,6.767283796364733206e+00
2.389892566231047904e-04,6.628348361405444145e+00
2.439986297259550199e-04,6.492265020020694166e+00
2.491130026067788590e-04,6.358975545886828229e+00
2.543345761304648361e-04,6.228422759064272007e+00
2.596655972934872546e-04,6.100549809173437588e+00
2.651083601908536076e-04,5.975302624997932632e+00
2.706652070033241072e-04,5.852626524113151874e+00
2.763385290053169780e-04,5.732469055048510675e+00
2.821307675939470740e-04,5.614778629844041191e+00
2.880444153396297634e-04,5.499504031770628742e+00
2.940820170587060450e-04,5.386596503455243656e+00
3.002461709085549389e-04,5.276006727755690129e+00
3.065395295056526901e-04,5.167687466594437673e+00
3.129648010670750265e-04,5.061592177663092329e+00
3.195247505759213607e-04,4.957674708406286435e+00
3.262222009711669896e-04,4.855891101680009037e+00
3.330600343624588820e-04,4.756196877977881599e+00
3.400411932703705929e-04,4.658549497889138635e+00
3.471686818926559680e-04,4.562906965053502795e+00
3.544455673970435734e-04,4.469227692360794535e+00
3.618749812411280490e-04,4.377472051566467570e+00
3.694601205199302477e-04,4.287599926330452504e+00
3.772042493416997554e-04,4.199573010619602087e+00
3.851107002325568655e-04,4.113353399887589745e+00
3.931828755705770373e-04,4.028903633278697605e+00
4.014242490499322046e-04,3.946187982662122007e+00
4.098383671757261184e-04,3.865170257350670990e+00
4.184288507901584705e-04,3.785815976208840805e+00
4.271993966306776428e-04,3.708090915903003992e+00
4.361537789208005771e-04,3.631961345688100362e+00
4.452958509942655184e-04,3.557395039679315474e+00
4.546295469532399291e-04,3.484359360227277769e+00
4.641588833612782196e-04,3.412823264113388877e+00
4.738879609717650920e-04,3.342755852302634167e+00
4.838209664925957392e-04,3.274126754535874539e+00
4.939621743878321080e-04,3.206906896430020026e+00
5.043159487171358559e-04,3.141066855277838687e+00
5.148867450137497919e-04,3.076578678217353424e+00
5.256791122018419265e-04,3.013414464244959845e+00
5.366976945540475642e-04,2.951546876916320450e+00
5.479472336900287170e-04,2.890949673285170718e+00
5.594325706169377133e-04,2.831596343403499638e+00
5.711586478126434762e-04,2.773461703252537269e+00
5.831305113526218760e-04,2.716520569137533148e+00
5.953533130814370406e-04,2.660748333481471661e+00
6.078323128297229453e-04,2.606121304081110424e+00
6.205728806776500623e-04,2.552615600063578238e+00
6.335804992658254208e-04,2.500208527909869360e+00
6.468607661546321112e-04,2.448877364000372037e+00
6.604193962330305243e-04,2.398599951313276524e+00
6.742622241778341904e-04,2.349354901433681420e+00
6.883952069645496224e-04,2.301120700431833921e+00
7.028244264308353096e-04,2.253876901699097157e+00
7.175560918936921447e-04,2.207603001234317297e+00
7.325965428215230456e-04,2.162279047244647145e+00
7.479522515621820798e-04,2.117885732950818500e+00
7.636298261282241416e-04,2.074403674773852124e+00
7.796360130405237399e-04,2.031814451512930830e+00
7.959777002314977982e-04,1.990099560039831683e+00
8.126619200091945907e-04,1.949241036643735159e+00
8.296958520834906564e-04,1.909221455171016490e+00
8.470868266557402123e-04,1.870023347654293566e+00
8.648423275731726865e-04,1.831630120128740602e+00
8.829699955494082608e-04,1.794025073106003454e+00
9.014776314524917782e-04,1.757192034937795189e+00
9.203731996618220610e-04,1.721115275948821965e+00
9.396648314954690433e-04,1.685779055698056750e+00
9.593608287093146345e-04,1.651168422890212595e+00
9.794696670695395360e-04,1.617268309597383880e+00
1.000000000000000021e-03,1.584064155010527442e+00
1.020960662306046604e-03,1.551541762564705884e+00
1.042360673976401152e-03,1.519686949285406818e+00
1.064209244064724582e-03,1.488486239579559278e+00
1.086515774652538433e-03,1.457926042240199616e+00
1.109289864895222780e-03,1.427993243210418317e+00
1.132541315152811546e-03,1.398675033263221401e+00
1.156280131207375458e-03,1.369958630356420626e+00
1.180516528568805639e-03,1.341831891221919593e+00
1.205260936870842505e-03,1.314282553534189102e+00
1.230524004359261634e-03,1.287298807095120567e+00
1.256316602474120232e-03,1.260869095670605011e+00
1.282649830528059809e-03,1.234981900150242451e+00
1.309535020482667771e-03,1.209626275851904076e+00
1.336983741824946661e-03,1.184791161872307930e+00
1.365007806546013683e-03,1.160465919575228266e+00
1.393619274224142113e-03,1.136640126025414199e+00
1.422830457214352027e-03,1.113303398023173685e+00
1.452653925946781202e-03,1.090445870668111938e+00
1.483102514336104337e-03,1.068057568885611319e+00
1.514189325304352018e-03,1.046128908897213439e+00
1.545927736419476940e-03,1.024650488178934449e+00
1.578331405652118108e-03,1.003612950331797427e+00
1.611414277253019837e-03,9.830074013032927827e-01
1.645190587753662514e-03,9.628248458841441870e-01
1.679674872092653225e-03,9.430566512222029463e-01
1.714881969870539046e-03,9.236943340428220850e-01
1.750827031735725098e-03,9.047294651279845779e-01
1.787525525904235402e-03,8.861540242750871599e-01
1.824993244816152391e-03,8.679598999385829128e-01
1.863246311931559835e-03,8.501393162035113527e-01
1.902301188668943871e-03,8.326846193070773783e-01
1.942174681489026522e-03,8.155882150591190483e-01
1.982883949127071596e-03,7.988428715551127990e-01
2.024446509976803900e-03,7.824412731152721179e-01
2.066880249629082268e-03,7.663764170529629993e-01
2.110203428568594407e-03,7.506413979231264522e-01
2.154434690031884272e-03,7.352293720828820822e-01
2.199593068030074750e-03,7.201338200651695720e-01
2.245697995539773940e-03,7.053481438880336851e-01
2.292769312865648810e-03,6.908660372163735186e-01
2.340827276178291793e-03,6.766812689384995583e-01
2.389892566231050126e-03,6.627876725848812489e-01
2.439986297259550199e-03,6.491793709386727285e-01
2.491130026067788373e-03,6.358504125551179831e-01
2.543345761304648036e-03,6.227951196531449352e-01
2.596655972934869619e-03,6.100078668641663038e-01
2.651083601908538895e-03,5.974831011203149966e-01
2.706652070033241288e-03,5.852155225936234162e-01
2.763385290053169997e-03,5.731997625383503658e-01
2.821307675939470957e-03,5.614307101037419034e-01
2.880444153396298067e-03,5.499032863971160534e-01
2.940820170587063812e-03,5.386124911662814041e-01
3.002461709085549064e-03,5.275535436603040473e-01
3.065395295056526793e-03,5.167216030466849075e-01
3.129648010670750373e-03,5.061120677070717333e-01
3.195247505759213607e-03,4.957203516442734714e-01
3.262222009711669788e-03,4.855419536270006997e-01
3.330600343624588386e-03,4.755725593250931249e-01
3.400411932703706255e-03,4.658078058919813413e-01
3.471686818926559247e-03,4.562435489593492655e-01
3.544455673970435625e-03,4.468756480140895770e-01
3.618749812411280273e-03,4.377000513519104241e-01
3.694601205199302477e-03,4.287128645202797905e-01
3.772042493416997554e-03,4.199101570624625968e-01
3.851107002325568872e-03,4.112881944826476954e-01
3.931828755705770589e-03,4.028432402515197963e-01
4.014242490499322046e-03,3.945716467969569430e-01
4.098383671757261509e-03,3.864698980959789254e-01
4.184288507901580585e-03,3.785344533873449269e-01
4.271993966306776754e-03,3.707619477808659081e-01
4.361537789208005771e-03,3.631490097910770043e-01
4.452958509942655727e-03,3.556923548152875481e-01
4.546295469532399616e-03,3.483888089360224760e-01
4.641588833612777208e-03,3.412351822470893192e-01
4.738879609717651029e-03,3.342284430150353480e-01
4.838209664925957609e-03,3.273655489667486873e-01
4.939621743878320863e-03,3.206435426305329628e-01
5.043159487171358993e-03,3.140595590232202472e-01
5.148867450137492065e-03,3.076107238443042124e-01
5.256791122018424252e-03,3.012943058944667629e-01
5.366976945540476510e-03,2.951075596153868164e-01
5.479472336900287170e-03,2.890478223278993286e-01
5.594325706169377133e-03,2.831125082148014949e-01
5.711586478126429341e-03,2.772990269403181052e-01
5.831305113526225048e-03,2.716049181061716555e-01
5.953533130814370189e-03,2.660277039490376305e-01
6.078323128297229670e-03,2.605649873693125507e-01
6.205728806776500406e-03,2.552144342422814072e-01
6.335804992658247703e-03,2.499737105928936665e-01
6.468607661546327617e-03,2.448405992340550730e-01
6.604193962330305243e-03,2.398128648166890919e-01
6.742622241778342337e-03,2.348883487807832959e-01
6.883952069645496441e-03,2.300649447125580893e-01
7.028244264308345507e-03,2.253405494498182671e-01
7.175560918936928385e-03,2.207131647074025427e-01
7.325965428215230023e-03,2.161807740939578060e-01
7.479522515621821015e-03,2.117414335456553609e-01
7.636298261282242067e-03,2.073932425935737511e-01
7.796360130405228725e-03,2.031343057946308206e-01
7.959777002314986222e-03,1.989628224229302300e-01
8.126619200091946341e-03,1.948769732755657735e-01
8.296958520834906564e-03,1.908750073779449663e-01
8.470868266557402340e-03,1.869552104358268296e-01
8.648423275731717541e-03,1.831158741829387315e-01
8.829699955494091715e-03,1.793553754642303044e-01
9.014776314524916914e-03,1.756720735718979298e-01
9.203731996618221695e-03,1.720643911441332163e-01
9.396648314954691300e-03,1.685307819238679450e-01
9.593608287093146128e-03,1.650697061964537804e-01
9.794696670695395360e-03,1.616797008757130949e-01
1.000000000000000021e-02,1.583592863183756749e-01
1.020960662306046561e-02,1.551070416521004858e-01
1.042360673976401239e-02,1.519215718597345111e-01
1.064209244064724669e-02,1.488014896754101257e-01
1.086515774652538346e-02,1.457454758317666133e-01
1.109289864895222737e-02,1.427521961289488772e-01
1.132541315152811416e-02,1.398203706209962260e-01
1.156280131207375328e-02,1.369487407138234303e-01
1.180516528568805595e-02,1.341360566187800030e-01
1.205260936870842549e-02,1.313811287106888825e-01
1.230524004359261590e-02,1.286827537271382216e-01
1.256316602474120102e-02,1.260397789043355143e-01
1.282649830528059809e-02,1.234510687503004300e-01
1.309535020482667685e-02,1.209154970926307471e-01
1.336983741824946531e-02,1.184319913918597117e-01
1.365007806546013856e-02,1.159994664150344607e-01
1.393619274224142113e-02,1.136168840640039424e-01
1.422830457214351897e-02,1.112832197658353561e-01
1.452653925946781159e-02,1.089974587446059934e-01
1.483102514336104467e-02,1.067586340701211500e-01
1.514189325304352018e-02,1.045657669905712961e-01
1.545927736419477026e-02,1.024179226763669293e-01
1.578331405652116590e-02,1.003141764581614026e-01
1.611414277253019750e-02,9.825361415359547268e-02
1.645190587753662601e-02,9.623536403779175963e-02
1.679674872092653051e-02,9.425854315570579567e-02
1.714881969870539133e-02,9.232230998896587271e-02
1.750827031735725098e-02,9.042582967798568072e-02
1.787525525904235316e-02,8.856827906709091591e-02
1.824993244816152521e-02,8.674887191382668616e-02
1.863246311931559748e-02,8.496681189256788391e-02
1.902301188668944001e-02,8.322134141598687418e-02
1.942174681489026306e-02,8.151170673788332710e-02
1.982883949127071249e-02,7.983716667003561140e-02
2.024446509976803726e-02,7.819701190635050536e-02
2.066880249629082095e-02,7.659052452322848148e-02
2.110203428568594233e-02,7.501702236933421863e-02
2.154434690031884619e-02,7.347582482619521849e-02
2.199593068030074663e-02,7.196626474255678196e-02
2.245697995539773853e-02,7.048770191019948506e-02
2.292769312865648723e-02,6.903948943788799919e-02
2.340827276178291880e-02,6.762101279873949933e-02
2.389892566231050300e-02,6.623165760954784209e-02
2.439986297259550199e-02,6.487082332905338977e-02
2.491130026067788633e-02,6.353793199695928484e-02
2.543345761304648123e-02,6.223240086663325149e-02
2.596655972934869619e-02,6.095367617998121573e-02
2.651083601908538895e-02,5.970120355477868956e-02
2.706652070033241375e-02,5.847444227965118563e-02
2.763385290053169824e-02,5.727287058220199151e-02
2.821307675939470697e-02,5.609596347792792509e-02
2.880444153396297807e-02,5.494322203405660465e-02
2.940820170587063812e-02,5.381414602483216431e-02
3.002461709085549324e-02,5.270824854934760828e-02
3.065395295056526706e-02,5.162505861002789770e-02
3.129648010670750546e-02,5.056410322218043291e-02
3.195247505759213347e-02,4.952493286819277529e-02
3.262222009711669701e-02,4.850709614408450082e-02
3.330600343624588733e-02,4.751015465863984294e-02
3.400411932703706341e-02,4.653368328799478704e-02
3.471686818926559420e-02,4.557725580009080318e-02
3.544455673970435539e-02,4.464046726345503174e-02
3.618749812411280187e-02,4.372291027688776643e-02
3.694601205199302130e-02,4.282419017879932760e-02
3.772042493416997294e-02,4.194392323983702625e-02
3.851107002325569045e-02,4.108172536874918346e-02
3.931828755705769896e-02,4.023723173670856051e-02
4.014242490499322219e-02,3.941007473072023065e-02
4.098383671757261509e-02,3.859989901094372511e-02
4.184288507901580412e-02,3.780635823866845130e-02
4.271993966306776580e-02,3.702910633017884867e-02
4.361537789208005944e-02,3.626781447407070869e-02
4.452958509942655380e-02,3.552215107526429660e-02
4.546295469532399269e-02,3.479179611284030638e-02
4.641588833612777382e-02,3.407643707819116297e-02
4.738879609717651376e-02,3.337576208174596049e-02
4.838209664925956915e-02,3.268947481247020531e-02
4.939621743878321036e-02,3.201727610642930016e-02
5.043159487171358646e-02,3.135887776330306687e-02
5.148867450137492585e-02,3.071399783604170097e-02
5.256791122018424772e-02,3.008235524832512595e-02
5.366976945540476163e-02,2.946368295208570340e-02
5.479472336900287344e-02,2.885771107805672891e-02
5.594325706169377826e-02,2.826418002075031799e-02
5.711586478126429167e-02,2.768283548249540760e-02
5.831305113526224354e-02,2.711342410974916170e-02
5.953533130814370189e-02,2.655570519817441327e-02
6.078323128297229844e-02,2.600943536963459812e-02
6.205728806776500406e-02,2.547438075812078276e-02
6.335804992658247703e-02,2.495031196982478924e-02
6.468607661546327270e-02,2.443700069235486827e-02
6.604193962330305590e-02,2.393422992085431772e-02
6.742622241778342684e-02,2.344178018164163116e-02
6.883952069645496441e-02,2.295944081387113478e-02
7.028244264308344813e-02,2.248700485079026951e-02
7.175560918936928212e-02,2.202426660314033349e-02
7.325965428215229502e-02,2.157103038641209475e-02
7.479522515621821188e-02,2.112709829466102862e-02
7.636298261282241373e-02,2.069228057212434135e-02
7.796360130405229072e-02,2.026639048875089957e-02
7.959777002314985528e-02,1.984924273761337274e-02
8.126619200091945994e-02,1.944066086451489567e-02
8.296958520834907258e-02,1.904046638183220369e-02
8.470868266557401993e-02,1.864848839936538577e-02
8.648423275731717541e-02,1.826455844908935963e-02
8.829699955494091368e-02,1.788850953756361550e-02
9.014776314524917955e-02,1.752018259250629970e-02
9.203731996618221001e-02,1.715941663641191647e-02
9.396648314954690606e-02,1.680605777327136285e-02
9.593608287093147169e-02,1.645995398869304696e-02
9.794696670695395013e-02,1.612095481048120976e-02
1.000000000000000056e-01,1.578891683636216708e-02
1.020960662306047567e-01,1.546369486878853075e-02
1.042360673976401170e-01,1.514515034308464708e-02
1.064209244064724669e-01,1.483314603260947780e-02
1.086515774652537236e-01,1.452754642144375545e-02
1.109289864895222771e-01,1.422822220623564532e-02
1.132541315152812700e-01,1.393504239921183364e-02
1.156280131207375328e-01,1.364788227448684825e-02
1.180516528568805595e-01,1.336661793497890757e-02
1.205260936870841404e-01,1.309112735637655255e-02
1.230524004359261625e-01,1.282129390334461536e-02
1.256316602474121524e-01,1.255699946236824363e-02
1.282649830528059809e-01,1.229813173733062225e-02
1.309535020482667789e-01,1.204457885889509937e-02
1.336983741824945282e-01,1.179623097480488915e-02
1.365007806546013891e-01,1.155298283689219774e-02
1.393619274224143501e-01,1.131472798568676670e-02
1.422830457214351862e-01,1.108136529207040706e-02
1.452653925946781333e-01,1.085279374823109981e-02
1.483102514336102906e-01,1.062891447429208970e-02
1.514189325304352018e-01,1.040963246774652927e-02
1.545927736419478449e-01,1.019485181702110138e-02
1.578331405652116382e-01,9.984481398463853838e-03
1.611414277253019889e-01,9.778430054929244594e-03
1.645190587753660727e-01,9.576608772681795625e-03
1.679674872092653259e-01,9.378931780941270058e-03
1.714881969870540868e-01,9.185312679030641775e-03
1.750827031735723294e-01,8.995669359885093488e-03
1.787525525904235524e-01,8.809919572709622171e-03
1.824993244816150439e-01,8.627983162911115680e-03
1.863246311931559818e-01,8.449782704343208189e-03
1.902301188668945875e-01,8.275240359252708858e-03
1.942174681489024501e-01,8.104282149836637000e-03
1.982883949127071388e-01,7.936833858146736739e-03
2.024446509976801645e-01,7.772823311643060201e-03
2.066880249629081956e-01,7.612180620317922537e-03
2.110203428568596662e-01,7.454835650269367800e-03
2.154434690031882260e-01,7.300721755449719741e-03
2.199593068030074872e-01,7.149771958886929138e-03
2.245697995539771563e-01,7.001921280948155725e-03
2.292769312865648723e-01,6.857106642367865462e-03
2.340827276178294447e-01,6.715264838105126401e-03
2.389892566231047732e-01,6.576335832777811981e-03
2.439986297259550130e-01,6.440259180146895059e-03
2.491130026067790992e-01,6.306976383646401701e-03
2.543345761304648400e-01,6.176430503750088633e-03
2.596655972934872603e-01,6.048564590586559889e-03
2.651083601908535980e-01,5.923324546233415915e-03
2.706652070033241375e-01,5.800655836215781562e-03
2.763385290053172461e-01,5.680505787670019242e-03
2.821307675939470627e-01,5.562823014545175554e-03
2.880444153396297668e-01,5.447556200676042723e-03
2.940820170587060689e-01,5.334656588809909804e-03
3.002461709085549324e-01,5.224074988796314351e-03
3.065395295056529967e-01,5.115763961025014510e-03
3.129648010670750269e-01,5.009677144284341993e-03
3.195247505759213347e-01,4.905768290860720512e-03
3.262222009711666648e-01,4.803993465352831248e-03
3.330600343624588455e-01,4.704308287300376125e-03
3.400411932703709672e-01,4.606670032154368787e-03
3.471686818926559281e-01,4.511036877928172387e-03
3.544455673970435816e-01,4.417367146784598533e-03
3.618749812411276578e-01,4.325621236604110416e-03
3.694601205199302685e-01,4.235759120890142913e-03
3.772042493417001596e-01,4.147742312358522129e-03
3.851107002325568907e-01,4.061533090233510751e-03
3.931828755705770173e-01,3.977093887947712875e-03
4.014242490499317917e-01,3.894389011108646825e-03
4.098383671757261371e-01,3.813382362971910484e-03
4.184288507901584575e-01,3.734039274662993933e-03
4.271993966306776858e-01,3.656325716899014311e-03
4.361537789208005944e-01,3.580207842031180206e-03
4.452958509942651077e-01,3.505653466424935635e-03
4.546295469532399269e-01,3.432630041596474411e-03
4.641588833612781961e-01,3.361106338675185976e-03
4.738879609717651098e-01,3.291051656664776073e-03
4.838209664925957054e-01,3.222435503336972852e-03
4.939621743878315763e-01,3.155228858311059752e-03
5.043159487171359201e-01,3.089402369305909845e-03
5.148867450137497581e-01,3.024927910465299245e-03
5.256791122018419360e-01,2.961777784544915217e-03
5.366976945540475885e-01,2.899924517536057317e-03
5.479472336900281793e-01,2.839341945349241163e-03
5.594325706169377410e-01,2.780003595877865354e-03
5.711586478126434718e-01,2.721884142044052671e-03
5.831305113526218387e-01,2.664958593788945788e-03
5.953533130814370189e-01,2.609202195195223836e-03
6.078323128297223876e-01,2.554591359781394934e-03
6.205728806776500406e-01,2.501102214156981050e-03
6.335804992658253809e-01,2.448711951288437463e-03
6.468607661546320609e-01,2.397398020528232997e-03
6.604193962330304757e-01,2.347138119320275364e-03
6.742622241778335468e-01,2.297910985458036150e-03
6.883952069645495886e-01,2.249695084171212875e-03
7.028244264308353140e-01,2.202469885135766633e-03
7.175560918936920718e-01,2.156215029653056441e-03
7.325965428215229780e-01,2.110910436985886408e-03
7.479522515621829237e-01,2.066536932021696259e-03
7.636298261282241651e-01,2.023075092879289810e-03
7.796360130405236566e-01,1.980506438937094504e-03
7.959777002314977201e-01,1.938812591099060368e-03
8.126619200091945716e-01,1.897975468982709751e-03
8.296958520834915030e-01,1.857977776104200460e-03
8.470868266557401993e-01,1.818802003350128123e-03
8.648423275731726978e-01,1.780431512201061583e-03
8.829699955494082486e-01,1.742849708128767086e-03
9.014776314524917122e-01,1.706040317989644412e-03
9.203731996618230715e-01,1.669987732541822938e-03
9.396648314954690884e-01,1.634676175402371067e-03
9.593608287093147169e-01,1.600090660540750328e-03
9.794696670695385299e-01,1.566216208749174896e-03
1.000000000000000000e+00,1.533038173504642316e-03
1.020960662306047650e+00,1.500542465359954456e-03
1.042360673976401086e+00,1.468714873821111043e-03
1.064209244064724613e+00,1.437541896306587840e-03
1.086515774652537347e+00,1.407010017927417785e-03
1.109289864895222744e+00,1.377106053597457538e-03
1.132541315152812755e+00,1.347817285186651923e-03
1.156280131207375383e+00,1.319130912605209023e-03
1.180516528568805512e+00,1.291034771827585933e-03
1.205260936870841348e+00,1.263516670076220757e-03
1.230524004359261570e+00,1.236564736247868553e-03
1.256316602474121469e+00,1.210167491553460753e-03
1.282649830528059809e+00,1.184313405972951642e-03
1.309535020482667678e+00,1.158991521938642754e-03
1.336983741824945282e+00,1.134190838864133303e-03
1.365007806546013835e+00,1.109900670168291557e-03
1.393619274224143556e+00,1.086110656840755554e-03
1.422830457214351974e+00,1.062810410853531938e-03
1.452653925946781222e+00,1.039990063419548661e-03
1.483102514336102962e+00,1.017639688428471434e-03
1.514189325304351907e+00,9.957496671410125556e-04
1.545927736419478560e+00,9.743106515598233888e-04
1.578331405652116493e+00,9.533132825449273538e-04
1.611414277253019778e+00,9.327486711690371850e-04
1.645190587753660783e+00,9.126078624831094124e-04
1.679674872092653093e+00,8.928821986400102637e-04
1.714881969870540868e+00,8.735632443169643897e-04
1.750827031735723294e+00,8.546425687733265808e-04
1.787525525904235524e+00,8.361121631917547807e-04
1.824993244816150550e+00,8.179639518319825912e-04
1.863246311931559873e+00,8.001901400014331837e-04
1.902301188668945819e+00,7.827831181867311297e-04
1.942174681489024390e+00,7.657352911459136113e-04
1.982883949127071332e+00,7.490394436837992907e-04
2.024446509976801867e+00,7.326882924850637319e-04
2.066880249629082122e+00,7.166748201318100557e-04
2.110203428568596440e+00,7.009921634380897760e-04
2.154434690031882038e+00,6.856334797802171284e-04
2.199593068030074594e+00,6.705922691081837817e-04
2.245697995539771785e+00,6.558619632490855170e-04
2.292769312865648779e+00,6.414362435244548360e-04
2.340827276178294447e+00,6.273089219739695329e-04
2.389892566231047955e+00,6.134738333267457291e-04
2.439986297259550074e+00,5.999251209942289180e-04
2.491130026067791103e+00,5.866568637383708269e-04
2.543345761304648178e+00,5.736633716207917288e-04
2.596655972934872381e+00,5.609390651016359867e-04
2.651083601908536203e+00,5.484783901911104631e-04
2.706652070033241486e+00,5.362760694050567071e-04
2.763385290053172572e+00,5.243267651868060422e-04
2.821307675939470627e+00,5.126253543611386911e-04
2.880444153396297668e+00,5.011668050365013748e-04
2.940820170587060911e+00,4.899461155775012384e-04
3.002461709085549213e+00,4.789585290989945205e-04
3.065395295056529967e+00,4.681992347380254933e-04
3.129648010670750491e+00,4.576636195608339234e-04
3.195247505759213791e+00,4.473471456491101344e-04
3.262222009711666537e+00,4.372453089497123900e-04
3.330600343624588788e+00,4.273538218670488629e-04
3.400411932703709450e+00,4.176683473507785110e-04
3.471686818926559503e+00,4.081847327641064662e-04
3.544455673970435594e+00,3.988988856779750397e-04
3.618749812411276690e+00,3.898067488382886609e-04
3.694601205199302463e+00,3.809044584159907657e-04
3.772042493417001374e+00,3.721881042177741894e-04
3.851107002325568907e+00,3.636539479843082633e-04
3.931828755705770284e+00,3.552982982144742047e-04
4.014242490499317917e+00,3.471175001788113232e-04
4.098383671757261482e+00,3.391080716416291184e-04
4.184288507901584353e+00,3.312664867862487707e-04
4.271993966306776969e+00,3.235893803840749817e-04
4.361537789208005833e+00,3.160734209576220532e-04
4.452958509942650522e+00,3.087153173201381980e-04
4.546295469532399380e+00,3.015119301685753768e-04
4.641588833612781961e+00,2.944600789649827965e-04
4.738879609717651320e+00,2.875567346854692092e-04
4.838209664925956943e+00,2.807988893428289986e-04
4.939621743878315208e+00,2.741835792441457589e-04
5.043159487171358535e+00,2.677079722942357957e-04
5.148867450137498025e+00,2.613691998133804251e-04
5.256791122018419138e+00,2.551645339123027683e-04
5.366976945540476329e+00,2.490912576910686289e-04
5.479472336900281348e+00,2.431467017135353881e-04
5.594325706169377632e+00,2.373283091669129384e-04
5.711586478126434940e+00,2.316334924978449654e-04
5.831305113526219053e+00,2.260597933635173228e-04
5.953533130814370189e+00,2.206047563342905841e-04
6.078323128297223654e+00,2.152659762370370301e-04
6.205728806776500406e+00,2.100411424396359905e-04
6.335804992658253809e+00,2.049279207151461445e-04
6.468607661546320386e+00,1.999240927520155463e-04
6.604193962330305645e+00,1.950274388257103764e-04
6.742622241778335024e+00,1.902357899102759666e-04
6.883952069645496330e+00,1.855470556523360830e-04
7.028244264308352918e+00,1.809591287423421044e-04
7.175560918936921162e+00,1.764700053415591680e-04
7.325965428215230446e+00,1.720776772821831899e-04
7.479522515621813028e+00,1.677801858185246260e-04
7.636298261282241207e+00,1.635756378137733186e-04
7.796360130405236788e+00,1.594621283998839587e-04
7.959777002314977423e+00,1.554378452538934851e-04
8.126619200091946382e+00,1.515009690722964443e-04
8.296958520834914808e+00,1.476497284323441970e-04
8.470868266557403103e+00,1.438824062959154389e-04
8.648423275731726534e+00,1.401972778245955500e-04
8.829699955494083596e+00,1.365927012083327952e-04
9.014776314524917566e+00,1.330670251887175449e-04
9.203731996618230937e+00,1.296186449354904476e-04
9.396648314954690662e+00,1.262460002476182479e-04
9.593608287093147169e+00,1.229475258665863469e-04
9.794696670695385521e+00,1.197217314211935238e-04
1.000000000000000000e+01,1.165671147992852281e-04
1.020960662306047517e+01,1.134822189441793373e-04
1.042360673976401131e+01,1.104656226942073209e-04
1.064209244064724658e+01,1.075159024008000026e-04
1.086515774652537303e+01,1.046317013255790675e-04
1.109289864895222699e+01,1.018116499949978668e-04
1.132541315152812622e+01,9.905442177022683438e-05
1.156280131207375383e+01,9.635871888664559375e-05
1.180516528568805512e+01,9.372324306239242155e-05
1.205260936870841348e+01,9.114675543699352989e-05
1.230524004359261525e+01,8.862800446701689090e-05
1.256316602474121424e+01,8.616577859929517073e-05
1.282649830528059809e+01,8.375888990174015433e-05
1.309535020482667633e+01,8.140615109022386847e-05
1.336983741824945149e+01,7.910642817114495380e-05
1.365007806546013747e+01,7.685857432509343918e-05
1.393619274224143467e+01,7.466148055954579274e-05
1.422830457214351974e+01,7.251405724484663010e-05
1.452653925946781222e+01,7.041521662515976834e-05
1.483102514336102828e+01,6.836391868300808030e-05
1.514189325304351996e+01,6.635911155914304667e-05
1.545927736419478471e+01,6.439977899466027263e-05
1.578331405652116537e+01,6.248492138124016424e-05
1.611414277253019733e+01,6.061354222317074525e-05
1.645190587753660694e+01,5.878468865278503662e-05
1.679674872092653004e+01,5.699739790732809579e-05
1.714881969870540956e+01,5.525074152566665644e-05
1.750827031735723338e+01,5.354380647767939603e-05
1.787525525904235479e+01,5.187568599689817593e-05
1.824993244816150550e+01,5.024551523134125196e-05
1.863246311931559873e+01,4.865242706829279280e-05
1.902301188668945642e+01,4.709559566742384918e-05
1.942174681489024479e+01,4.557421937784116397e-05
1.982883949127071332e+01,4.408751516117135770e-05
2.024446509976801778e+01,4.263474855506984326e-05
2.066880249629081945e+01,4.121519168898365347e-05
2.110203428568596706e+01,3.982816105307951539e-05
2.154434690031882127e+01,3.847299747323731532e-05
2.199593068030074861e+01,3.714906211991914607e-05
2.245697995539771696e+01,3.585576183805376423e-05
2.292769312865648601e+01,3.459251274806928101e-05
2.340827276178294269e+01,3.335876808332426645e-05
2.389892566231047866e+01,3.215400691014064965e-05
2.439986297259550341e+01,3.097772820427052297e-05
2.491130026067785863e+01,2.982946569552177927e-05
2.543345761304648178e+01,2.870876492154863469e-05
2.596655972934872381e+01,2.761520613279115345e-05
2.651083601908536380e+01,2.654838515629636639e-05
2.706652070033241131e+01,2.550792594773594751e-05
2.763385290053172838e+01,2.449346825119697277e-05
2.821307675939470627e+01,2.350467019787329671e-05
2.880444153396297935e+01,2.254121297705788138e-05
2.940820170587060645e+01,2.160280431581802690e-05
3.002461709085549302e+01,2.068657871331713722e-05
3.065395295056529790e+01,1.979748325907344805e-05
3.129648010670750580e+01,1.893261607137439721e-05
3.195247505759213524e+01,1.809174181769027288e-05
3.262222009711666715e+01,1.727462324828651081e-05
3.330600343624588788e+01,1.648102929135536579e-05
3.400411932703709539e+01,1.571072624024345642e-05
3.471686818926559681e+01,1.496349583207915617e-05
3.544455673970435328e+01,1.423909111877592108e-05
3.618749812411276423e+01,1.353727056131104258e-05
3.694601205199302285e+01,1.285781136869440153e-05
3.772042493417001197e+01,1.220045609820920200e-05
3.851107002325569084e+01,1.156496438352062827e-05
3.931828755705770106e+01,1.095107717922942520e-05
4.014242490499317739e+01,1.035852788875390883e-05
4.098383671757261482e+01,9.787049384589374050e-06
4.184288507901584353e+01,9.236367452733614683e-06
4.271993966306776969e+01,8.706188458057957408e-06
4.361537789208005478e+01,8.196244321225745850e-06
4.452958509942650522e+01,7.706199737103833756e-06
4.546295469532399380e+01,7.235787425755285567e-06
4.641588833612782139e+01,6.784672372258287205e-06
4.738879609717650965e+01,6.352536351685880691e-06
4.838209664925957298e+01,5.939051661613748543e-06
4.939621743878315385e+01,5.543860243789828863e-06
5.043159487171358535e+01,5.166638017276947541e-06
5.148867450137497315e+01,4.807025406096060243e-06
5.256791122018419316e+01,4.464650426463126444e-06
5.366976945540476152e+01,4.139155289306123661e-06
5.479472336900281704e+01,3.830146328738616432e-06
5.594325706169377810e+01,3.537249136179525386e-06
5.711586478126434940e+01,3.260060322889555894e-06
5.831305113526218520e+01,2.998185991101158655e-06
5.953533130814370367e+01,2.751210268976410874e-06
6.078323128297223832e+01,2.518716537731164216e-06
6.205728806776500761e+01,2.300276802404078068e-06
6.335804992658254520e+01,2.095465637509050984e-06
6.468607661546320742e+01,1.903851090280847460e-06
6.604193962330305112e+01,1.724966638059547582e-06
6.742622241778335024e+01,1.558367723778462344e-06
6.883952069645496863e+01,1.403594631802453075e-06
7.028244264308352740e+01,1.260186374336045855e-06
7.175560918936920984e+01,1.127674309653529434e-06
7.325965428215229736e+01,1.005584862262525888e-06
7.479522515621813739e+01,8.934371783916687417e-07
7.636298261282242095e+01,7.907627035433759035e-07
7.796360130405237499e+01,6.970638199271298710e-07
7.959777002314977778e+01,6.118574329664197824e-07
8.126619200091946027e+01,5.346642740829643795e-07
8.296958520834914452e+01,4.650053036348450144e-07
8.470868266557401682e+01,4.024005635141283336e-07
8.648423275731727244e+01,3.463727533059997890e-07
8.829699955494082531e+01,2.964544478377584352e-07
9.014776314524917211e+01,2.521860181923241692e-07
9.203731996618230937e+01,2.131246231033952008e-07
9.396648314954690306e+01,1.788381850272855112e-07
9.593608287093147169e+01,1.489178545011649999e-07
9.794696670695385876e+01,1.229701329929526078e-07
1.000000000000000000e+02,1.006202609297575074e-07
1.020960662306047624e+02,8.151323647757945580e-08
1.042360673976401131e+02,6.531113585913532257e-08
1.064209244064724658e+02,5.169666968391373117e-08
1.086515774652537232e+02,4.037032346602139151e-08
1.109289864895222735e+02,3.105232649973782237e-08
1.132541315152812587e+02,2.348205880242997240e-08
1.156280131207375348e+02,1.741821717418846487e-08
1.180516528568805512e+02,1.263840987843402041e-08
1.205260936870841419e+02,8.940228583289650698e-09
1.230524004359261596e+02,6.139175091088472220e-09
1.256316602474121424e+02,4.070498215444085938e-09
1.282649830528060022e+02,2.587745926308969299e-09
1.309535020482667562e+02,1.562724216041886524e-09
1.336983741824945184e+02,8.850411938405873863e-10
1.365007806546013853e+02,4.616074132400402097e-10
1.393619274224143396e+02,2.157212532604561160e-10
1.422830457214352009e+02,8.654199187075525761e-11
1.452653925946781328e+02,2.761837525706486700e-11
1.483102514336102900e+02,6.033672984576287499e-12
1.514189325304351996e+02,5.669024277497407363e-13
1.545927736419478435e+02,0.000000000000000000e+00
1.578331405652116359e+02,0.000000000000000000e+00
1.611414277253019804e+02,0.000000000000000000e+00
1.645190587753660907e+02,0.000000000000000000e+00
1.679674872092653288e+02,0.000000000000000000e+00
1.714881969870540956e+02,0.000000000000000000e+00
1.750827031735723267e+02,0.000000000000000000e+00
1.787525525904235337e+02,0.000000000000000000e+00
1.824993244816150479e+02,0.000000000000000000e+00
1.863246311931559944e+02,0.000000000000000000e+00
1.902301188668945713e+02,0.000000000000000000e+00
1.942174681489024408e+02,0.000000000000000000e+00
1.982883949127071332e+02,0.000000000000000000e+00
2.024446509976801849e+02,0.000000000000000000e+00
2.066880249629082016e+02,0.000000000000000000e+00
2.110203428568596564e+02,0.000000000000000000e+00
2.154434690031882269e+02,0.000000000000000000e+00
2.199593068030074789e+02,0.000000000000000000e+00
2.245697995539771625e+02,0.000000000000000000e+00
2.292769312865648885e+02,0.000000000000000000e+00
2.340827276178294198e+02,0.000000000000000000e+00
2.389892566231047795e+02,0.000000000000000000e+00
2.439986297259550270e+02,0.000000000000000000e+00
2.491130026067785934e+02,0.000000000000000000e+00
2.543345761304648249e+02,0.000000000000000000e+00
2.596655972934872239e+02,0.000000000000000000e+00
2.651083601908536025e+02,0.000000000000000000e+00
2.706652070033241557e+02,0.000000000000000000e+00
2.763385290053172412e+02,0.000000000000000000e+00
2.821307675939470982e+02,0.000000000000000000e+00
2.880444153396297793e+02,0.000000000000000000e+00
2.940820170587060716e+02,0.000000000000000000e+00
3.002461709085549160e+02,0.000000000000000000e+00
3.065395295056529790e+02,0.000000000000000000e+00
3.129648010670750296e+02,0.000000000000000000e+00
3.195247505759213595e+02,0.000000000000000000e+00
3.262222009711666715e+02,0.000000000000000000e+00
3.330600343624588504e+02,0.000000000000000000e+00
3.400411932703709681e+02,0.000000000000000000e+00
3.471686818926559681e+02,0.000000000000000000e+00
3.544455673970435328e+02,0.000000000000000000e+00
3.618749812411276707e+02,0.000000000000000000e+00
3.694601205199302285e+02,0.000000000000000000e+00
3.772042493417001197e+02,0.000000000000000000e+00
3.851107002325568942e+02,0.000000000000000000e+00
3.931828755705770391e+02,0.000000000000000000e+00
4.014242490499318023e+02,0.000000000000000000e+00
4.098383671757261482e+02,0.000000000000000000e+00
4.184288507901584353e+02,0.000000000000000000e+00
4.271993966306776542e+02,0.000000000000000000e+00
4.361537789208005620e+02,0.000000000000000000e+00
4.452958509942650949e+02,0.000000000000000000e+00
4.546295469532399238e+02,0.000000000000000000e+00
4.641588833612781855e+02,0.000000000000000000e+00
4.738879609717650965e+02,0.000000000000000000e+00
4.838209664925957441e+02,0.000000000000000000e+00
4.939621743878315669e+02,0.000000000000000000e+00
5.043159487171358819e+02,0.000000000000000000e+00
5.148867450137497599e+02,0.000000000000000000e+00
5.256791122018419173e+02,0.000000000000000000e+00
5.366976945540476436e+02,0.000000000000000000e+00
5.479472336900281562e+02,0.000000000000000000e+00
5.594325706169377099e+02,0.000000000000000000e+00
5.711586478126434940e+02,0.000000000000000000e+00
5.831305113526218520e+02,0.000000000000000000e+00
5.953533130814370224e+02,0.000000000000000000e+00
6.078323128297223548e+02,0.000000000000000000e+00
6.205728806776500051e+02,0.000000000000000000e+00
6.335804992658254378e+02,0.000000000000000000e+00
6.468607661546320742e+02,0.000000000000000000e+00
6.604193962330305112e+02,0.000000000000000000e+00
6.742622241778335592e+02,0.000000000000000000e+00
6.883952069645496294e+02,0.000000000000000000e+00
7.028244264308352740e+02,0.000000000000000000e+00
7.175560918936921553e+02,0.000000000000000000e+00
7.325965428215230304e+02,0.000000000000000000e+00
7.479522515621813454e+02,0.000000000000000000e+00
7.636298261282241810e+02,0.000000000000000000e+00
7.796360130405237214e+02,0.000000000000000000e+00
7.959777002314978063e+02,0.000000000000000000e+00
8.126619200091945459e+02,0.000000000000000000e+00
8.296958520834898536e+02,0.000000000000000000e+00
8.470868266557401967e+02,0.000000000000000000e+00
8.648423275731726108e+02,0.000000000000000000e+00
8.829699955494082815e+02,0.000000000000000000e+00
9.014776314524917780e+02,0.000000000000000000e+00
9.203731996618230369e+02,0.000000000000000000e+00
9.396648314954691159e+02,0.000000000000000000e+00
9.593608287093146600e+02,0.000000000000000000e+00
9.794696670695385592e+02,0.000000000000000000e+00
1.000000000000000000e+03,0.000000000000000000e+00
1.020960662306047539e+03,0.000000000000000000e+00
1.042360673976403177e+03,0.000000000000000000e+00
1.064209244064722498e+03,0.000000000000000000e+00
1.086515774652537175e+03,0.000000000000000000e+00
1.109289864895222763e+03,0.000000000000000000e+00
1.132541315152812558e+03,0.000000000000000000e+00
1.156280131207377735e+03,0.000000000000000000e+00
1.180516528568803096e+03,0.000000000000000000e+00
1.205260936870841306e+03,0.000000000000000000e+00
1.230524004359261653e+03,0.000000000000000000e+00
1.256316602474121510e+03,0.000000000000000000e+00
1.282649830528062466e+03,0.000000000000000000e+00
1.309535020482665004e+03,0.000000000000000000e+00
1.336983741824945128e+03,0.000000000000000000e+00
1.365007806546013853e+03,0.000000000000000000e+00
1.393619274224143510e+03,0.000000000000000000e+00
1.422830457214354738e+03,0.000000000000000000e+00
1.452653925946778145e+03,0.000000000000000000e+00
1.483102514336102786e+03,0.000000000000000000e+00
1.514189325304351996e+03,0.000000000000000000e+00
1.545927736419478606e+03,0.000000000000000000e+00
1.578331405652119656e+03,0.000000000000000000e+00
1.611414277253016508e+03,0.000000000000000000e+00
1.645190587753660793e+03,0.000000000000000000e+00
1.679674872092653231e+03,0.000000000000000000e+00
1.714881969870540843e+03,0.000000000000000000e+00
1.750827031735726905e+03,0.000000000000000000e+00
1.787525525904231699e+03,0.000000000000000000e+00
1.824993244816150536e+03,0.000000000000000000e+00
1.863246311931559831e+03,0.000000000000000000e+00
1.902301188668945770e+03,0.000000000000000000e+00
1.942174681489028444e+03,0.000000000000000000e+00
1.982883949127067353e+03,0.000000000000000000e+00
2.024446509976801735e+03,0.000000000000000000e+00
2.066880249629081845e+03,0.000000000000000000e+00
2.110203428568596337e+03,0.000000000000000000e+00
2.154434690031886475e+03,0.000000000000000000e+00
2.199593068030070299e+03,0.000000000000000000e+00
2.245697995539771910e+03,0.000000000000000000e+00
2.292769312865648772e+03,0.000000000000000000e+00
2.340827276178294142e+03,0.000000000000000000e+00
2.389892566231052569e+03,0.000000000000000000e+00
2.439986297259545154e+03,0.000000000000000000e+00
2.491130026067785820e+03,0.000000000000000000e+00
2.543345761304648022e+03,0.000000000000000000e+00
2.596655972934872352e+03,0.000000000000000000e+00
2.651083601908541823e+03,0.000000000000000000e+00
2.706652070033235759e+03,0.000000000000000000e+00
2.763385290053166955e+03,0.000000000000000000e+00
2.821307675939470755e+03,0.000000000000000000e+00
2.880444153396297679e+03,0.000000000000000000e+00
2.940820170587066514e+03,0.000000000000000000e+00
3.002461709085543134e+03,0.000000000000000000e+00
3.065395295056523537e+03,0.000000000000000000e+00
3.129648010670750409e+03,0.000000000000000000e+00
3.195247505759213709e+03,0.000000000000000000e+00
3.262222009711673309e+03,0.000000000000000000e+00
3.330600343624581910e+03,0.000000000000000000e+00
3.400411932703702405e+03,0.000000000000000000e+00
3.471686818926559681e+03,0.000000000000000000e+00
3.544455673970435782e+03,0.000000000000000000e+00
3.618749812411283983e+03,0.000000000000000000e+00
3.694601205199294782e+03,0.000000000000000000e+00
3.772042493416993693e+03,0.000000000000000000e+00
3.851107002325568828e+03,0.000000000000000000e+00
3.931828755705770163e+03,0.000000000000000000e+00
4.014242490499325868e+03,0.000000000000000000e+00
4.098383671757253069e+03,0.000000000000000000e+00
4.184288507901575940e+03,0.000000000000000000e+00
4.271993966306776201e+03,0.000000000000000000e+00
4.361537789208005961e+03,0.000000000000000000e+00
4.452958509942660385e+03,0.000000000000000000e+00
4.546295469532390598e+03,0.000000000000000000e+00
4.641588833612772760e+03,0.000000000000000000e+00
4.738879609717650965e+03,0.000000000000000000e+00
4.838209664925957441e+03,0.000000000000000000e+00
4.939621743878326015e+03,0.000000000000000000e+00
5.043159487171348701e+03,0.000000000000000000e+00
5.148867450137487140e+03,0.000000000000000000e+00
5.256791122018418719e+03,0.000000000000000000e+00
5.366976945540475754e+03,0.000000000000000000e+00
5.479472336900292248e+03,0.000000000000000000e+00
5.594325706169389377e+03,0.000000000000000000e+00
5.711586478126423572e+03,0.000000000000000000e+00
5.831305113526218520e+03,0.000000000000000000e+00
5.953533130814370452e+03,0.000000000000000000e+00
6.078323128297236508e+03,0.000000000000000000e+00
6.205728806776513011e+03,0.000000000000000000e+00
6.335804992658241645e+03,0.000000000000000000e+00
6.468607661546320742e+03,0.000000000000000000e+00
6.604193962330305112e+03,0.000000000000000000e+00
6.742622241778349235e+03,0.000000000000000000e+00
6.883952069645510164e+03,0.000000000000000000e+00
7.028244264308338643e+03,0.000000000000000000e+00
7.175560918936920643e+03,0.000000000000000000e+00
7.325965428215230531e+03,0.000000000000000000e+00
7.479522515621828461e+03,0.000000000000000000e+00
7.636298261282257045e+03,0.000000000000000000e+00
7.796360130405220843e+03,0.000000000000000000e+00
7.959777002314977835e+03,0.000000000000000000e+00
8.126619200091945459e+03,0.000000000000000000e+00
8.296958520834914452e+03,0.000000000000000000e+00
8.470868266557419702e+03,0.000000000000000000e+00
8.648423275731709509e+03,0.000000000000000000e+00
8.829699955494083042e+03,0.000000000000000000e+00
9.014776314524917325e+03,0.000000000000000000e+00
9.203731996618229459e+03,0.000000000000000000e+00
9.396648314954709349e+03,0.000000000000000000e+00
9.593608287093127728e+03,0.000000000000000000e+00
9.794696670695386274e+03,0.000000000000000000e+00
1.000000000000000000e+04,0.000000000000000000e+00
