1.000000000000000082e-05,1.504723832571141351e+01
1.020960662306047607e-05,1.473831332952410378e+01
1.042360673976401146e-05,1.443573158717855165e+01
1.064209244064724650e-05,1.413935986317666149e+01
1.086515774652537261e-05,1.384907510964402100e+01
1.109289864895222712e-05,1.356474823718911971e+01
1.132541315152812671e-05,1.328625932835110568e+01
1.156280131207375302e-05,1.301348860519846085e+01
1.180516528568805612e-05,1.274631614654990486e+01
1.205260936870841401e-05,1.248463095757323948e+01
1.230524004359261647e-05,1.222831658146085942e+01
1.256316602474121465e-05,1.197726512918263886e+01
1.282649830528059917e-05,1.173136836273313577e+01
1.309535020482667643e-05,1.149051839593816915e+01
1.336983741824945150e-05,1.125461507123313964e+01
1.365007806546013744e-05,1.102355333741397736e+01
1.393619274224143468e-05,1.079723613806355154e+01
1.422830457214351858e-05,1.057556564270786303e+01
1.452653925946781202e-05,1.035844481619570878e+01
1.483102514336102853e-05,1.014578325598539266e+01
1.514189325304351951e-05,9.937486221139227638e+00
1.545927736419478539e-05,9.733466397923248081e+00
1.578331405652116359e-05,9.533635343881758928e+00
1.611414277253019959e-05,9.337905803839836594e+00
1.645190587753660725e-05,9.146196173193635204e+00
1.679674872092653225e-05,8.958421009588617423e+00
1.714881969870540916e-05,8.774501768449415096e+00
1.750827031735723228e-05,8.594358485778775147e+00
1.787525525904235524e-05,8.417912715436758120e+00
1.824993244816150412e-05,8.245090774714389781e+00
1.863246311931559903e-05,8.075815627035266786e+00
1.902301188668945850e-05,7.910016599102840829e+00
1.942174681489024571e-05,7.747621408295592538e+00
1.982883949127071257e-05,7.588559531732476771e+00
2.024446509976801623e-05,7.432764415166707828e+00
2.066880249629082024e-05,7.280166620389818100e+00
2.110203428568596656e-05,7.130702558350152209e+00
2.154434690031882321e-05,6.984306880823448083e+00
2.199593068030074845e-05,6.840916193840941517e+00
2.245697995539776298e-05,6.700470370251109919e+00
2.292769312865648647e-05,6.562906844001309636e+00
2.340827276178294449e-05,6.428168383423161991e+00
2.389892566231047836e-05,6.296195910455792522e+00
2.439986297259550131e-05,6.166932448422084434e+00
2.491130026067790961e-05,6.040323667502456750e+00
2.543345761304648090e-05,5.916313209433237574e+00
2.596655972934872479e-05,5.794849534096044863e+00
2.651083601908536211e-05,5.675879260216865063e+00
2.706652070033241139e-05,5.559351177772933639e+00
2.763385290053172626e-05,5.445216183842360280e+00
2.821307675939470740e-05,5.333423522553714768e+00
2.880444153396297702e-05,5.223926756248128633e+00
2.940820170587060722e-05,5.116677675136972248e+00
3.002461709085549186e-05,5.011630253878137431e+00
3.065395295056530018e-05,4.908740098989140321e+00
3.129648010670750265e-05,4.807961511640529650e+00
3.195247505759213607e-05,4.709252641712711629e+00
3.262222009711666644e-05,4.612569959431279010e+00
3.330600343624588548e-05,4.517872091654579592e+00
3.400411932703709724e-05,4.425118905450152518e+00
3.471686818926559409e-05,4.334269262531857514e+00
3.544455673970435463e-05,4.245285436987845884e+00
3.618749812411276967e-05,4.158128132236623031e+00
3.694601205199302477e-05,4.072760151135414119e+00
3.772042493417001620e-05,3.989145216289391005e+00
3.851107002325568519e-05,3.907246294874229697e+00
3.931828755705769966e-05,3.827029377473242899e+00
4.014242490499317844e-05,3.748458995058022047e+00
4.098383671757261184e-05,3.671501690391297146e+00
4.184288507901584570e-05,3.596124687475673820e+00
4.271993966306776293e-05,3.522294640765398110e+00
4.361537789208005635e-05,3.449980892443366365e+00
4.452958509942659792e-05,3.379151434667492904e+00
4.546295469532399562e-05,3.309776162039251624e+00
4.641588833612781789e-05,3.241825470884236449e+00
4.738879609717651056e-05,3.175269334396423115e+00
4.838209664925957121e-05,3.110080114587740585e+00
4.939621743878325959e-05,3.046228930463728446e+00
5.043159487171358695e-05,2.983688687854145538e+00
5.148867450137497919e-05,2.922432652503106354e+00
5.256791122018419400e-05,2.862433783114040953e+00
5.366976945540475778e-05,2.803667165821615459e+00
5.479472336900292591e-05,2.746106742038313620e+00
5.594325706169377268e-05,2.689728122944205158e+00
5.711586478126435033e-05,2.634507170663710429e+00
5.831305113526218489e-05,2.580419530765136749e+00
5.953533130814369864e-05,2.527442748325653632e+00
6.078323128297236501e-05,2.475553303741592881e+00
6.205728806776500081e-05,2.424729248627980116e+00
6.335804992658254750e-05,2.374948789033879404e+00
6.468607661546321112e-05,2.326189990787477679e+00
6.604193962330304700e-05,2.278432613337355139e+00
6.742622241778349222e-05,2.231655430171837651e+00
6.883952069645495682e-05,2.185838690417799768e+00
7.028244264308352554e-05,2.140962713054082034e+00
7.175560918936921718e-05,2.097007749576447200e+00
7.325965428215229914e-05,2.053955546441761815e+00
7.479522515621828658e-05,2.011786952130886874e+00
7.636298261282241959e-05,1.970484196887109629e+00
7.796360130405236585e-05,1.930029498160630963e+00
7.959777002314977982e-05,1.890405085370983063e+00
8.126619200091945365e-05,1.851594490813885274e+00
8.296958520834915780e-05,1.813580437180806637e+00
8.470868266557402936e-05,1.776346937901700729e+00
8.648423275731726594e-05,1.739877922458143100e+00
8.829699955494083421e-05,1.704157405593376140e+00
9.014776314524917239e-05,1.669170524900585040e+00
9.203731996618230639e-05,1.634901697539550058e+00
9.396648314954690162e-05,1.601336541651690704e+00
9.593608287093146887e-05,1.568460530446040613e+00
9.794696670695385331e-05,1.536259287908386950e+00
1.000000000000000048e-04,1.504719399226486454e+00
1.020960662306046523e-04,1.473826810457992353e+00
1.042360673976401179e-04,1.443568583782008252e+00
1.064209244064724582e-04,1.413931585903105637e+00
1.086515774652538379e-04,1.384902890577993650e+00
1.109289864895222780e-04,1.356470387449320247e+00
1.132541315152811519e-04,1.328621403109979671e+00
1.156280131207375404e-04,1.301344297898750613e+00
1.180516528568805612e-04,1.274627198808181205e+00
1.205260936870842587e-04,1.248458484605524665e+00
1.230524004359261579e-04,1.222827219270258059e+00
1.256316602474121533e-04,1.197721977021621420e+00
1.282649830528059917e-04,1.173132285104417249e+00
1.309535020482667609e-04,1.149047410409908876e+00
1.336983741824946607e-04,1.125456906137604962e+00
1.365007806546013845e-04,1.102350892475782107e+00
1.393619274224143468e-04,1.079719073073439173e+00
1.422830457214352027e-04,1.057552024033435956e+00
1.452653925946781202e-04,1.035840041187777949e+00
1.483102514336104446e-04,1.014573734737354460e+00
1.514189325304352018e-04,9.937441784951855928e-01
1.545927736419478403e-04,9.733420960363226015e-01
1.578331405652116427e-04,9.533590034918343337e-01
1.611414277253019891e-04,9.337861299986615071e-01
1.645190587753662351e-04,9.146150359507019267e-01
1.679674872092653225e-04,8.958376551382766229e-01
1.714881969870540781e-04,8.774456321988788332e-01
1.750827031735723363e-04,8.594313255895686954e-01
1.787525525904235457e-04,8.417868114925651790e-01
1.824993244816152445e-04,8.245045050337308501e-01
1.863246311931559835e-04,8.075771146588467397e-01
1.902301188668945714e-04,7.909971165332432275e-01
1.942174681489024571e-04,7.747576247704033303e-01
1.982883949127071325e-04,7.588514841731701654e-01
2.024446509976803791e-04,7.432718770073583059e-01
2.066880249629082160e-04,7.280122113868021660e-01
2.110203428568596521e-04,7.130657137346680940e-01
2.154434690031882321e-04,6.984261772752358155e-01
2.199593068030074913e-04,6.840871421437058064e-01
2.245697995539773994e-04,6.700424797392033893e-01
2.292769312865648647e-04,6.562862304861668550e-01
2.340827276178294449e-04,6.428122970497582855e-01
2.389892566231047904e-04,6.296150842922364488e-01
2.439986297259550199e-04,6.166887608874466187e-01
2.491130026067788590e-04,6.040278157076681698e-01
2.543345761304648361e-04,5.916268630412669927e-01
2.596655972934872546e-04,5.794804133324616968e-01
2.651083601908536076e-04,5.675834227544579447e-01
2.706652070033241072e-04,5.559306284129373887e-01
2.763385290053169780e-04,5.445170723487016140e-01
2.821307675939470740e-04,5.333378894988557439e-01
2.880444153396297634e-04,5.223881366104884405e-01
2.940820170587060450e-04,5.116632669495000396e-01
3.002461709085549389e-04,5.011585313402417974e-01
3.065395295056526901e-04,4.908694682015782851e-01
3.129648010670750265e-04,4.807916835500808395e-01
3.195247505759213607e-04,4.709207261946449785e-01
3.262222009711669896e-04,4.612524969856417467e-01
3.330600343624588820e-04,4.517827111641720128e-01
3.400411932703705929e-04,4.425073528478857265e-01
3.471686818926559680e-04,4.334224543891883052e-01
3.544455673970435734e-04,4.245240068926913191e-01
3.618749812411280490e-04,4.158083156829203708e-01
3.694601205199302477e-04,4.072715140920675769e-01
3.772042493416997554e-04,3.989099874905732146e-01
3.851107002325568655e-04,3.907201537890083176e-01
3.931828755705770373e-04,3.826984022047657530e-01
4.014242490499322046e-04,3.748414028187774805e-01
4.098383671757261184e-04,3.671456655629383170e-01
4.184288507901584705e-04,3.596079377814748179e-01
4.271993966306776428e-04,3.522249848745609979e-01
4.361537789208005771e-04,3.449935553554410173e-01
4.452958509942655184e-04,3.379106470502572512e-01
4.546295469532399291e-04,3.309731105705864262e-01
4.641588833612782196e-04,3.241780190905789172e-01
4.738879609717650920e-04,3.175224510406285949e-01
4.838209664925957392e-04,3.110034795843918398e-01
4.939621743878321080e-04,3.046183967468762410e-01
5.043159487171358559e-04,2.983643613048983512e-01
5.148867450137497919e-04,2.922387400177755556e-01
5.256791122018419265e-04,2.862388928350959594e-01
5.366976945540475642e-04,2.803621865385532708e-01
5.479472336900287170e-04,2.746061776884654582e-01
5.594325706169377133e-04,2.689683032396367190e-01
5.711586478126434762e-04,2.634461943245114401e-01
5.831305113526218760e-04,2.580374648456661424e-01
5.953533130814370406e-04,2.527397463313897918e-01
6.078323128297229453e-04,2.475508333681326334e-01
6.205728806776500623e-04,2.424684144379486705e-01
6.335804992658254208e-04,2.374903584536174894e-01
6.468607661546321112e-04,2.326145083415816217e-01
6.604193962330305243e-04,2.278387342748336986e-01
6.742622241778341904e-04,2.231610455336573706e-01
6.883952069645496224e-04,2.185793574421212582e-01
7.028244264308353096e-04,2.140917529319745771e-01
7.175560918936921447e-04,2.096962817216673214e-01
7.325965428215230456e-04,2.053910289833171254e-01
7.479522515621820798e-04,2.011741973072034284e-01
7.636298261282241416e-04,1.970439070362255130e-01
7.796360130405237399e-04,1.929984332767933353e-01
7.959777002314977982e-04,1.890360130507920955e-01
8.126619200091945907e-04,1.851549249109236961e-01
8.296958520834906564e-04,1.813535454506391142e-01
8.470868266557402123e-04,1.776301802927153228e-01
8.648423275731726865e-04,1.739832774715141250e-01
8.829699955494082608e-04,1.704112431671342132e-01
9.014776314524917782e-04,1.669125299249723526e-01
9.203731996618220610e-04,1.634856711150164676e-01
9.396648314954690433e-04,1.601291400149116861e-01
9.593608287093146345e-04,1.568415398906290725e-01
9.794696670695395360e-04,1.536214297930438566e-01
1.000000000000000021e-03,1.504674189040942911e-01
1.020960662306046604e-03,1.473781820499878714e-01
1.042360673976401152e-03,1.443523439163361122e-01
1.064209244064724582e-03,1.413886467728688312e-01
1.086515774652538433e-03,1.384857885497186580e-01
1.109289864895222780e-03,1.356425191726769175e-01
1.132541315152811546e-03,1.328576409985022799e-01
1.156280131207375458e-03,1.301299154022181326e-01
1.180516528568805639e-03,1.274582092513450726e-01
1.205260936870842505e-03,1.248413465101842340e-01
1.230524004359261634e-03,1.222782036881672196e-01
1.256316602474120232e-03,1.197676980596293628e-01
1.282649830528059809e-03,1.173087143442074348e-01
1.309535020482667771e-03,1.149002313996764640e-01
1.336983741824946661e-03,1.125411873271027902e-01
1.365007806546013683e-03,1.102305722132768395e-01
1.393619274224142113e-03,1.079674072341183927e-01
1.422830457214352027e-03,1.057506884010496195e-01
1.452653925946781202e-03,1.035794952103231553e-01
1.483102514336104337e-03,1.014528690143755851e-01
1.514189325304352018e-03,9.936990188693299586e-02
1.545927736419476940e-03,9.732970897611491201e-02
1.578331405652118108e-03,9.533138652442606220e-02
1.611414277253019837e-03,9.337410470043462640e-02
1.645190587753662514e-03,9.145699820710939676e-02
1.679674872092653225e-03,8.957925046035539185e-02
1.714881969870539046e-03,8.774006195281806864e-02
1.750827031735725098e-03,8.593861893939694352e-02
1.787525525904235402e-03,8.417417336513627335e-02
1.824993244816152391e-03,8.244594435625743345e-02
1.863246311931559835e-03,8.075319716094048195e-02
1.902301188668943871e-03,7.909520964565337764e-02
1.942174681489026522e-03,7.747124904146268642e-02
1.982883949127071596e-03,7.588064099617222724e-02
2.024446509976803900e-03,7.432268089665498845e-02
2.066880249629082268e-03,7.279670750406053159e-02
2.110203428568594407e-03,7.130206866561378254e-02
2.154434690031884272e-03,6.983810448384973613e-02
2.199593068030074750e-03,6.840420705441337124e-02
2.245697995539773940e-03,6.699974064557497055e-02
2.292769312865648810e-03,6.562411003488374805e-02
2.340827276178291793e-03,6.427672639437784219e-02
2.389892566231050126e-03,6.295699540294409646e-02
2.439986297259550199e-03,6.166436914612931364e-02
2.491130026067788373e-03,6.039827385373806867e-02
2.543345761304648036e-03,5.915817384681788110e-02
2.596655972934869619e-03,5.794353748505498558e-02
2.651083601908538895e-03,5.675382949519326703e-02
2.706652070033241288e-03,5.558855601403386165e-02
2.763385290053169997e-03,5.444719919532772789e-02
2.821307675939470957e-03,5.332927699473283961e-02
2.880444153396298067e-03,5.223430933180077396e-02
2.940820170587063812e-03,5.116181424200152983e-02
3.002461709085549064e-03,5.011134637922610990e-02
3.065395295056526793e-03,4.908243849958312394e-02
3.129648010670750373e-03,4.807465689892295724e-02
3.195247505759213607e-03,4.708756783698436754e-02
3.262222009711669788e-03,4.612073758702044113e-02
3.330600343624588386e-03,4.517376439475541405e-02
3.400411932703706255e-03,4.424622673742766715e-02
3.471686818926559247e-03,4.333773442632598422e-02
3.544455673970435625e-03,4.244789549024160363e-02
3.618749812411280273e-03,4.157631976494254727e-02
3.694601205199302477e-03,4.072264467391810416e-02
3.772042493416997554e-03,3.988649002035559582e-02
3.851107002325568872e-03,3.906750478726760123e-02
3.931828755705770589e-03,3.826533466328405075e-02
4.014242490499322046e-03,3.747962875332515320e-02
4.098383671757261509e-03,3.671005979534470304e-02
4.184288507901580585e-03,3.595628489989383114e-02
4.271993966306776754e-03,3.521798828899667944e-02
4.361537789208005771e-03,3.449484964570535828e-02
4.452958509942655727e-03,3.378655345208034927e-02
4.546295469532399616e-03,3.309280428071204039e-02
4.641588833612777208e-03,3.241329291227396797e-02
4.738879609717651029e-03,3.174773526576754601e-02
4.838209664925957609e-03,3.109584175034966688e-02
4.939621743878320863e-03,3.045732870246857515e-02
5.043159487171358993e-03,2.983192935183887062e-02
5.148867450137492065e-03,2.921936491647312076e-02
5.256791122018424252e-03,2.861937978664907609e-02
5.366976945540476510e-03,2.803171218234771014e-02
5.479472336900287170e-03,2.745610710575132479e-02
5.594325706169377133e-03,2.689232355902240398e-02
5.711586478126429341e-03,2.634011029851641636e-02
5.831305113526225048e-03,2.579923732537325529e-02
5.953533130814370189e-03,2.526946796012318613e-02
6.078323128297229670e-03,2.475057299269730129e-02
6.205728806776500406e-03,2.424233469780191774e-02
6.335804992658247703e-03,2.374452670771151630e-02
6.468607661546327617e-03,2.325694198592345371e-02
6.604193962330305243e-03,2.277936659501664934e-02
6.742622241778342337e-03,2.231159452415279812e-02
6.883952069645496441e-03,2.185342902799808015e-02
7.028244264308345507e-03,2.140466621237656700e-02
7.175560918936928385e-03,2.096511960582240000e-02
7.325965428215230023e-03,2.053459592230242811e-02
7.479522515621821015e-03,2.011291000949616201e-02
7.636298261282242067e-03,1.969988402978107775e-02
7.796360130405228725e-03,1.929533437067313881e-02
7.959777002314986222e-03,1.889909300812593965e-02
8.126619200091946341e-03,1.851098539796440512e-02
8.296958520834906564e-03,1.813084512153686351e-02
8.470868266557402340e-03,1.775851140054443209e-02
8.648423275731717541e-03,1.739381892853712752e-02
8.829699955494091715e-03,1.703661626074570723e-02
9.014776314524916914e-03,1.668674580931714044e-02
9.203731996618221695e-03,1.634405797786221692e-02
9.396648314954691300e-03,1.600840741282609156e-02
9.593608287093146128e-03,1.567964530861643696e-02
9.794696670695395360e-03,1.535763514461113873e-02
1.000000000000000021e-02,1.504223466381104241e-02
1.020960662306046561e-02,1.473330935066760779e-02
1.042360673976401239e-02,1.443072783732439641e-02
1.064209244064724669e-02,1.413435615702373672e-02
1.086515774652538346e-02,1.384407124054066150e-02
1.109289864895222737e-02,1.355974469344251726e-02
1.132541315152811416e-02,1.328125550914430360e-02
1.156280131207375328e-02,1.300848501506659052e-02
1.180516528568805595e-02,1.274131257641940990e-02
1.205260936870842549e-02,1.247962725321567247e-02
1.230524004359261590e-02,1.222331318316600621e-02
1.256316602474120102e-02,1.197226147729828910e-02
1.282649830528059809e-02,1.172636495026777720e-02
1.309535020482667685e-02,1.148551497790948825e-02
1.336983741824946531e-02,1.124961154167232122e-02
1.365007806546013856e-02,1.101855010565547764e-02
1.393619274224142113e-02,1.079223266389868138e-02
1.422830457214351897e-02,1.057056242717503008e-02
1.452653925946781159e-02,1.035344156609631534e-02
1.483102514336104467e-02,1.014077992848648295e-02
1.514189325304352018e-02,9.932483184321857020e-03
1.545927736419477026e-02,9.728463116176217645e-03
1.578331405652116590e-02,9.528632340625089320e-03
1.611414277253019750e-02,9.332902743828768236e-03
1.645190587753662601e-02,9.141193074080873962e-03
1.679674872092653051e-02,8.953418188664279825e-03
1.714881969870539133e-02,8.769498703139253989e-03
1.750827031735725098e-02,8.589355712904294532e-03
1.787525525904235316e-02,8.412909868970074381e-03
1.824993244816152521e-02,8.240087921374482025e-03
1.863246311931559748e-02,8.070813036298101276e-03
1.902301188668944001e-02,7.905013778486217127e-03
1.942174681489026306e-02,7.742618885585771105e-03
1.982883949127071249e-02,7.583556924985431109e-03
2.024446509976803726e-02,7.427761829382344659e-03
2.066880249629082095e-02,7.275164280292721955e-03
2.110203428568594233e-02,7.125700009040721733e-03
2.154434690031884619e-02,6.979304621266730312e-03
2.199593068030074663e-02,6.835913847327674056e-03
2.245697995539773853e-02,6.695468077073628288e-03
2.292769312865648723e-02,6.557904777429637844e-03
2.340827276178291880e-02,6.423166131243731279e-03
2.389892566231050300e-02,6.291193940482837053e-03
2.439986297259550199e-02,6.161930395600223945e-03
2.491130026067788633e-02,6.035321694157901908e-03
2.543345761304648123e-02,5.911311439065580590e-03
2.596655972934869619e-02,5.789847616582357963e-03
2.651083601908538895e-02,5.670877616081561150e-03
2.706652070033241375e-02,5.554349450952436075e-03
2.763385290053169824e-02,5.440214557852884186e-03
2.821307675939470697e-02,5.328422073507246490e-03
2.880444153396297807e-02,5.218925207576193340e-03
2.940820170587063812e-02,5.111676393639593904e-03
3.002461709085549324e-02,5.006628891802418317e-03
3.065395295056526706e-02,4.903738856161295005e-03
3.129648010670750546e-02,4.802960424154635241e-03
3.195247505759213347e-02,4.704251497066667780e-03
3.262222009711669701e-02,4.607569075535898444e-03
3.330600343624588733e-02,4.512871139344127279e-03
3.400411932703706341e-02,4.420118090568555050e-03
3.471686818926559420e-02,4.329268584125155195e-03
3.544455673970435539e-02,4.240284742356906396e-03
3.618749812411280187e-02,4.153127692779846024e-03
3.694601205199302130e-02,4.067759661779463479e-03
3.772042493416997294e-02,3.984144875459015404e-03
3.851107002325569045e-02,3.902246078555349565e-03
3.931828755705769896e-02,3.822029184320301868e-03
4.014242490499322219e-02,3.743459047202178126e-03
4.098383671757261509e-02,3.666501717066353305e-03
4.184288507901580412e-02,3.591124870830378086e-03
4.271993966306776580e-02,3.517294947104308411e-03
4.361537789208005944e-02,3.444981253355641326e-03
4.452958509942655380e-02,3.374152029780708335e-03
4.546295469532399269e-02,3.304776761357370533e-03
4.641588833612777382e-02,3.236826236837315324e-03
4.738879609717651376e-02,3.170270229388664519e-03
4.838209664925956915e-02,3.105081089496475322e-03
4.939621743878321036e-02,3.041230128776223861e-03
5.043159487171358646e-02,2.978689922885555813e-03
5.148867450137492585e-02,2.917434064024319700e-03
5.256791122018424772e-02,2.857435334875886752e-03
5.366976945540476163e-02,2.798668819066958170e-03
5.479472336900287344e-02,2.741108612111191074e-03
5.594325706169377826e-02,2.684730062209395810e-03
5.711586478126429167e-02,2.629509296195023296e-03
5.831305113526224354e-02,2.575421811806678785e-03
5.953533130814370189e-02,2.522445148717771934e-03
6.078323128297229844e-02,2.470555920999980420e-03
6.205728806776500406e-02,2.419731967211202241e-03
6.335804992658247703e-02,2.369951705068647479e-03
6.468607661546327270e-02,2.321193078761735456e-03
6.604193962330305590e-02,2.273435840853938860e-03
6.742622241778342684e-02,2.226658881659229414e-03
6.883952069645496441e-02,2.180842270817900767e-03
7.028244264308344813e-02,2.135966506275574408e-03
7.175560918936928212e-02,2.092011729685169449e-03
7.325965428215229502e-02,2.048959688667317553e-03
7.479522515621821188e-02,2.006791332791938495e-03
7.636298261282241373e-02,1.965488729727012367e-03
7.796360130405229072e-02,1.925034264435172707e-03
7.959777002314985528e-02,1.885410054492679807e-03
8.126619200091945994e-02,1.846599646242747450e-03
8.296958520834907258e-02,1.808585849237285669e-03
8.470868266557401993e-02,1.771352525869174938e-03
8.648423275731717541e-02,1.734883767663462093e-03
8.829699955494091368e-02,1.699163471067880295e-03
9.014776314524917955e-02,1.664176803215516734e-03
9.203731996618221001e-02,1.629908254525190212e-03
9.396648314954690606e-02,1.596343298571065291e-03
9.593608287093147169e-02,1.563467571401314961e-03
9.794696670695395013e-02,1.531266569721328368e-03
1.000000000000000056e-01,1.499726924335482775e-03
1.020960662306047567e-01,1.468834637942623015e-03
1.042360673976401170e-01,1.438576636719231597e-03
1.064209244064724669e-01,1.408939951976023296e-03
1.086515774652537236e-01,1.379911521243830808e-03
1.109289864895222771e-01,1.351479294480571703e-03
1.132541315152812700e-01,1.323630638364005005e-03
1.156280131207375328e-01,1.296353788213596044e-03
1.180516528568805595e-01,1.269637033273352932e-03
1.205260936870841404e-01,1.243468611521640361e-03
1.230524004359261625e-01,1.217837657545060761e-03
1.256316602474121524e-01,1.192732772025024372e-03
1.282649830528059809e-01,1.168143369745985307e-03
1.309535020482667789e-01,1.144058871320127258e-03
1.336983741824945282e-01,1.120468690993608801e-03
1.365007806546013891e-01,1.097363027354604547e-03
1.393619274224143501e-01,1.074731596605304866e-03
1.422830457214351862e-01,1.052564875416835783e-03
1.452653925946781333e-01,1.030853303490703683e-03
1.483102514336102906e-01,1.009587357918415116e-03
1.514189325304352018e-01,9.887581936641406683e-04
1.545927736419478449e-01,9.683565346521650664e-04
1.578331405652116382e-01,9.483738137926345929e-04
1.611414277253019889e-01,9.288013896079559640e-04
1.645190587753660727e-01,9.096306974122360649e-04
1.679674872092653259e-01,8.908537536585703831e-04
1.714881969870540868e-01,8.724621926845470927e-04
1.750827031735723294e-01,8.544483074003039443e-04
1.787525525904235524e-01,8.368042855414120412e-04
1.824993244816150439e-01,8.195224258340862459e-04
1.863246311931559818e-01,8.025955215585526626e-04
1.902301188668945875e-01,7.860160282849193870e-04
1.942174681489024501e-01,7.697770128915092840e-04
1.982883949127071388e-01,7.538714122391669895e-04
2.024446509976801645e-01,7.382923025973822488e-04
2.066880249629081956e-01,7.230331766804878272e-04
2.110203428568596662e-01,7.080872324949499808e-04
2.154434690031882260e-01,6.934482317132758915e-04
2.199593068030074872e-01,6.791097897228538490e-04
2.245697995539771563e-01,6.650656823425317096e-04
2.292769312865648723e-01,6.513100313479627422e-04
2.340827276178294447e-01,6.378367062554122493e-04
2.389892566231047732e-01,6.246400939755923729e-04
2.439986297259550130e-01,6.117144222957561625e-04
2.491130026067790992e-01,5.990540963412069450e-04
2.543345761304648400e-01,5.866538056516172736e-04
2.596655972934872603e-01,5.745080265955880864e-04
2.651083601908535980e-01,5.626117069789934389e-04
2.706652070033241375e-01,5.509596288100768787e-04
2.763385290053172461e-01,5.395467636384326674e-04
2.821307675939470627e-01,5.283683128833884489e-04
2.880444153396297668e-01,5.174193012385865662e-04
2.940820170587060689e-01,5.066951786793114044e-04
3.002461709085549324e-01,4.961912306877755158e-04
3.065395295056529967e-01,4.859029378840922994e-04
3.129648010670750269e-01,4.758259632110258919e-04
3.195247505759213347e-01,4.659558261266899450e-04
3.262222009711666648e-01,4.562884269086813719e-04
3.330600343624588455e-01,4.468195081145370372e-04
3.400411932703709672e-01,4.375450078567930286e-04
3.471686818926559281e-01,4.284610050669038087e-04
3.544455673970435816e-01,4.195634658640335149e-04
3.618749812411276578e-01,4.108486953867896622e-04
3.694601205199302685e-01,4.023128496757167141e-04
3.772042493417001596e-01,3.939522774886820280e-04
3.851107002325568907e-01,3.857634341180175884e-04
3.931828755705770173e-01,3.777426883416145861e-04
4.014242490499317917e-01,3.698867094833443504e-04
4.098383671757261371e-01,3.621920275577130061e-04
4.184288507901584575e-01,3.546553597057333510e-04
4.271993966306776858e-01,3.472735020913652769e-04
4.361537789208005944e-01,3.400431858233823944e-04
4.452958509942651077e-01,3.329614084614041306e-04
4.546295469532399269e-01,3.260250381470659333e-04
4.641588833612781961e-01,3.192311219897525621e-04
4.738879609717651098e-01,3.125767656647767084e-04
4.838209664925957054e-01,3.060590257595734750e-04
4.939621743878315763e-01,2.996751958126853545e-04
5.043159487171359201e-01,2.934224497212182701e-04
5.148867450137497581e-01,2.872981304518288227e-04
5.256791122018419360e-01,2.812996239146049759e-04
5.366976945540475885e-01,2.754242797963338046e-04
5.479472336900281793e-01,2.696696582491633974e-04
5.594325706169377410e-01,2.640332094362770753e-04
5.711586478126434718e-01,2.585125421047768340e-04
5.831305113526218387e-01,2.531052957160373203e-04
5.953533130814370189e-01,2.478090835117564687e-04
6.078323128297223876e-01,2.426217063218999957e-04
6.205728806776500406e-01,2.375408635064293710e-04
6.335804992658253809e-01,2.325644026937597039e-04
6.468607661546320609e-01,2.276901927882602199e-04
6.604193962330304757e-01,2.229160842403518411e-04
6.742622241778335468e-01,2.182400950878122419e-04
6.883952069645495886e-01,2.136601488990181263e-04
7.028244264308353140e-01,2.091743088855235364e-04
7.175560918936920718e-01,2.047806509320257841e-04
7.325965428215229780e-01,2.004772393239794286e-04
7.479522515621829237e-01,1.962622875432854864e-04
7.636298261282241651e-01,1.921339218403171731e-04
7.796360130405236566e-01,1.880903994583835496e-04
7.959777002314977201e-01,1.841299828834711168e-04
8.126619200091945716e-01,1.802509295315527936e-04
8.296958520834915030e-01,1.764516283031215479e-04
8.470868266557401993e-01,1.727303887978905378e-04
8.648423275731726978e-01,1.690856432437247219e-04
8.829699955494082486e-01,1.655158217794411844e-04
9.014776314524917122e-01,1.620193566106537756e-04
9.203731996618230715e-01,1.585947943263862350e-04
9.396648314954690884e-01,1.552406101157650226e-04
9.593608287093147169e-01,1.519553937169864537e-04
9.794696670695385299e-01,1.487377265162736779e-04
1.000000000000000000e+00,1.455861984288068448e-04
1.020960662306047650e+00,1.424994978345023604e-04
1.042360673976401086e+00,1.394762496740517826e-04
1.064209244064724613e+00,1.365151853995321828e-04
1.086515774652537347e+00,1.336150227993565737e-04
1.109289864895222744e+00,1.307744939466044896e-04
1.132541315152812755e+00,1.279924151269540560e-04
1.156280131207375383e+00,1.252675463721060923e-04
1.180516528568805512e+00,1.225987466888992905e-04
1.205260936870841348e+00,1.199848570046774374e-04
1.230524004359261570e+00,1.174247374891924288e-04
1.256316602474121469e+00,1.149173196513550519e-04
1.282649830528059809e+00,1.124614855628141517e-04
1.309535020482667678e+00,1.100562088598273599e-04
1.336983741824945282e+00,1.077004419134895957e-04
1.365007806546013835e+00,1.053931601623409622e-04
1.393619274224143556e+00,1.031333988948398650e-04
1.422830457214351974e+00,1.009201504322692510e-04
1.452653925946781222e+00,9.875249152276547443e-05
1.483102514336102962e+00,9.662947529543012865e-05
1.514189325304351907e+00,9.455018093363158334e-05
1.545927736419478560e+00,9.251373707839809950e-05
1.578331405652116493e+00,9.051923591537621534e-05
1.611414277253019778e+00,8.856584682715041158e-05
1.645190587753660783e+00,8.665271392058022872e-05
1.679674872092653093e+00,8.477900978183566989e-05
1.714881969870540868e+00,8.294394733168156033e-05
1.750827031735723294e+00,8.114670893916405892e-05
1.787525525904235524e+00,7.938654698425926643e-05
1.824993244816150550e+00,7.766268816767387664e-05
1.863246311931559873e+00,7.597438901817336171e-05
1.902301188668945819e+00,7.432093847314325224e-05
1.942174681489024390e+00,7.270160032904477007e-05
1.982883949127071332e+00,7.111570136562239870e-05
2.024446509976801867e+00,6.956254322725378416e-05
2.066880249629082122e+00,6.804145797012342079e-05
2.110203428568596440e+00,6.655180301234263568e-05
2.154434690031882038e+00,6.509291566001061615e-05
2.199593068030074594e+00,6.366418946829555071e-05
2.245697995539771785e+00,6.226499406597666808e-05
2.292769312865648779e+00,6.089472926911141797e-05
2.340827276178294447e+00,5.955281438794153884e-05
2.389892566231047955e+00,5.823865304620492902e-05
2.439986297259550074e+00,5.695169880870641410e-05
2.491130026067791103e+00,5.569138279958607573e-05
2.543345761304648178e+00,5.445716571188470215e-05
2.596655972934872381e+00,5.324852277458297719e-05
2.651083601908536203e+00,5.206491737753267109e-05
2.706652070033241486e+00,5.090585714424340796e-05
2.763385290053172572e+00,4.977082876937647657e-05
2.821307675939470627e+00,4.865934747761656152e-05
2.880444153396297668e+00,4.757093926022375668e-05
2.940820170587060911e+00,4.650512119030391592e-05
3.002461709085549213e+00,4.546144961149809464e-05
3.065395295056529967e+00,4.443946147123436640e-05
3.129648010670750491e+00,4.343872082126735295e-05
3.195247505759213791e+00,4.245879968676762349e-05
3.262222009711666537e+00,4.149926338547164630e-05
3.330600343624588788e+00,4.055971216760693255e-05
3.400411932703709450e+00,3.963972836034046287e-05
3.471686818926559503e+00,3.873891982808261254e-05
3.544455673970435594e+00,3.785690021027466879e-05
3.618749812411276690e+00,3.699327824314997259e-05
3.694601205199302463e+00,3.614769368674085960e-05
3.772042493417001374e+00,3.531976986351580394e-05
3.851107002325568907e+00,3.450915392860067811e-05
3.931828755705770284e+00,3.371549715292022253e-05
4.014242490499317917e+00,3.293844726958898252e-05
4.098383671757261482e+00,3.217767969380594525e-05
4.184288507901584353e+00,3.143285458746748924e-05
4.271993966306776969e+00,3.070365446541809879e-05
4.361537789208005833e+00,2.998976455125637426e-05
4.452958509942650522e+00,2.929086763499644057e-05
4.546295469532399380e+00,2.860667121647292966e-05
4.641588833612781961e+00,2.793686860109467377e-05
4.738879609717651320e+00,2.728117412063958688e-05
4.838209664925956943e+00,2.663930353879555957e-05
4.939621743878315208e+00,2.601097121073657565e-05
5.043159487171358535e+00,2.539591338099424819e-05
5.148867450137498025e+00,2.479385326146309375e-05
5.256791122018419138e+00,2.420453375067350206e-05
5.366976945540476329e+00,2.362769801241004775e-05
5.479472336900281348e+00,2.306308884889275715e-05
5.594325706169377632e+00,2.251046821488362560e-05
5.711586478126434940e+00,2.196958626854307714e-05
5.831305113526219053e+00,2.144021152853338896e-05
5.953533130814370189e+00,2.092211171270340930e-05
6.078323128297223654e+00,2.041505522220905534e-05
6.205728806776500406e+00,1.991882700788674102e-05
6.335804992658253809e+00,1.943320143335930983e-05
6.468607661546320386e+00,1.895796995901346315e-05
6.604193962330305645e+00,1.849292231345382623e-05
6.742622241778335024e+00,1.803784983787421313e-05
6.883952069645496330e+00,1.759255803648026572e-05
7.028244264308352918e+00,1.715684300468341364e-05
7.175560918936921162e+00,1.673051667808054933e-05
7.325965428215230446e+00,1.631338847982668444e-05
7.479522515621813028e+00,1.590527025919833594e-05
7.636298261282241207e+00,1.550598588483171044e-05
7.796360130405236788e+00,1.511535087491911083e-05
7.959777002314977423e+00,1.473319540882726330e-05
8.126619200091946382e+00,1.435934651028519456e-05
8.296958520834914808e+00,1.399363430559826655e-05
8.470868266557403103e+00,1.363589899986058170e-05
8.648423275731726534e+00,1.328597346801955485e-05
8.829699955494083596e+00,1.294370405218871908e-05
9.014776314524917566e+00,1.260893351367811722e-05
9.203731996618230937e+00,1.228150819822128773e-05
9.396648314954690662e+00,1.196128278831286514e-05
9.593608287093147169e+00,1.164810562623242859e-05
9.794696670695385521e+00,1.134183736865165591e-05
1.000000000000000000e+01,1.104233475569559119e-05
1.020960662306047517e+01,1.074945848989315626e-05
1.042360673976401131e+01,1.046307607106193838e-05
1.064209244064724658e+01,1.018304959704249393e-05
1.086515774652537303e+01,9.909252326820964875e-06
1.109289864895222699e+01,9.641553408436992465e-06
1.132541315152812622e+01,9.379826228991566651e-06
1.156280131207375383e+01,9.123949616991438083e-06
1.180516528568805512e+01,8.873797868696610861e-06
1.205260936870841348e+01,8.629255291070452215e-06
1.230524004359261525e+01,8.390202095827414206e-06
1.256316602474121424e+01,8.156522851449774232e-06
1.282649830528059809e+01,7.928106398652384857e-06
1.309535020482667633e+01,7.704837853671660174e-06
1.336983741824945149e+01,7.486611241671973303e-06
1.365007806546013747e+01,7.273316666249476182e-06
1.393619274224143467e+01,7.064848599507397620e-06
1.422830457214351974e+01,6.861104782623491665e-06
1.452653925946781222e+01,6.661980003592697229e-06
1.483102514336102828e+01,6.467376951572783205e-06
1.514189325304351996e+01,6.277194654658458105e-06
1.545927736419478471e+01,6.091336466557229473e-06
1.578331405652116537e+01,5.909708234082464953e-06
1.611414277253019733e+01,5.732213567272028573e-06
1.645190587753660694e+01,5.558763098234274711e-06
1.679674872092653004e+01,5.389264165218790026e-06
1.714881969870540956e+01,5.223628404906437450e-06
1.750827031735723338e+01,5.061769440491658232e-06
1.787525525904235479e+01,4.903599453702716715e-06
1.824993244816150550e+01,4.749037169453513531e-06
1.863246311931559873e+01,4.597998781356973973e-06
1.902301188668945642e+01,4.450405150084463619e-06
1.942174681489024479e+01,4.306179297236033488e-06
1.982883949127071332e+01,4.165243883147096162e-06
2.024446509976801778e+01,4.027527995864513159e-06
2.066880249629081945e+01,3.892959132667155569e-06
2.110203428568596706e+01,3.761469680690773609e-06
2.154434690031882127e+01,3.632994417954823988e-06
2.199593068030074861e+01,3.507468602411673800e-06
2.245697995539771696e+01,3.384833589093451403e-06
2.292769312865648601e+01,3.265029832861266787e-06
2.340827276178294269e+01,3.148002883885663739e-06
2.389892566231047866e+01,3.033700383825373124e-06
2.439986297259550341e+01,2.922071224720447426e-06
2.491130026067785863e+01,2.813069626024187816e-06
2.543345761304648178e+01,2.706649503851897197e-06
2.596655972934872381e+01,2.602770089304619846e-06
2.651083601908536380e+01,2.501391442209685094e-06
2.706652070033241131e+01,2.402475482335551334e-06
2.763385290053172838e+01,2.305989430463287226e-06
2.821307675939470627e+01,2.211899614344808084e-06
2.880444153396297935e+01,7.754809366647510258e-06
2.940820170587060645e+01,1.761290199620292496e-05
3.002461709085549302e+01,2.979419598882996901e-05
3.065395295056529790e+01,4.367051638626256717e-05
3.129648010670750580e+01,7.465922229345727358e-05
3.195247505759213524e+01,9.121558223511645649e-05
3.262222009711666715e+01,1.081536641126497127e-04
3.330600343624588788e+01,1.255279179372034411e-04
3.400411932703709539e+01,1.430347647677555250e-04
3.471686818926559681e+01,1.606254246380504317e-04
3.544455673970435328e+01,1.783740534308577710e-04
3.618749812411276423e+01,1.783068961977289939e-04
3.694601205199302285e+01,1.958990137566657581e-04
3.772042493417001197e+01,2.132475480188373814e-04
3.851107002325569084e+01,2.306061396557497272e-04
3.931828755705770106e+01,2.475931563402072183e-04
4.014242490499317739e+01,2.475364633457062817e-04
4.098383671757261482e+01,2.641682550383071056e-04
4.184288507901584353e+01,2.805214974346392082e-04
4.271993966306776969e+01,2.804708612204267365e-04
4.361537789208005478e+01,2.966317629646906119e-04
4.452958509942650522e+01,3.123581516615216592e-04
4.546295469532399380e+01,3.123133762149872669e-04
4.641588833612782139e+01,3.275349651959386750e-04
4.738879609717650965e+01,3.274939692353227958e-04
4.838209664925957298e+01,3.423542021613433929e-04
4.939621743878315385e+01,3.423168684724521636e-04
5.043159487171358535e+01,3.422813195820894141e-04
5.148867450137497315e+01,3.566891779090711418e-04
5.256791122018419316e+01,3.566570949771409767e-04
5.366976945540476152e+01,3.566266914093808903e-04
5.479472336900281704e+01,3.704566737208574417e-04
5.594325706169377810e+01,3.704295110931045518e-04
5.711586478126434940e+01,3.704039081241416380e-04
5.831305113526218520e+01,3.703798213603615597e-04
5.953533130814370367e+01,3.829612333709138156e-04
6.078323128297223832e+01,3.829400469874222161e-04
6.205728806776500761e+01,3.829202417831649679e-04
6.335804992658254520e+01,3.829017705347345949e-04
6.468607661546320742e+01,3.828845839732990274e-04
6.604193962330305112e+01,3.828686315291079468e-04
6.742622241778335024e+01,3.828538636275476245e-04
6.883952069645496863e+01,3.828402286402703592e-04
7.028244264308352740e+01,3.828276756636141685e-04
7.175560918936920984e+01,3.828161531254058712e-04
7.325965428215229736e+01,3.828056090234996053e-04
7.479522515621813739e+01,3.827959912556488085e-04
7.636298261282242095e+01,3.827872478051563788e-04
7.796360130405237499e+01,3.701753008887220722e-04
7.959777002314977778e+01,3.701681504278491971e-04
8.126619200091946027e+01,3.701617207398225150e-04
8.296958520834914452e+01,3.701559628764304393e-04
8.470868266557401682e+01,3.562920829589805833e-04
8.648423275731727244e+01,3.562875247762774451e-04
8.829699955494082531e+01,3.562834966363406038e-04
9.014776314524917211e+01,3.418382986484779797e-04
9.203731996618230937e+01,3.418352002104541412e-04
9.396648314954690306e+01,3.418325044487587278e-04
9.593608287093147169e+01,3.269307909275686263e-04
9.794696670695385876e+01,3.269287872275162860e-04
1.000000000000000000e+02,3.116626158596099306e-04
1.020960662306047624e+02,3.116611666917380730e-04
1.042360673976401131e+02,2.958868531725147117e-04
1.064209244064724658e+02,2.796762774513804708e-04
1.086515774652537232e+02,2.796754397258818001e-04
1.109289864895222735e+02,2.632688785521320189e-04
1.132541315152812587e+02,2.465818799875459425e-04
1.156280131207375348e+02,2.465814396532337981e-04
1.180516528568805512e+02,2.295353252129434657e-04
1.205260936870841419e+02,2.121156385852197488e-04
1.230524004359261596e+02,1.947039802833464494e-04
1.256316602474121424e+02,1.947038291411761098e-04
1.282649830528060022e+02,1.770465708177081359e-04
1.309535020482667562e+02,1.592285661329227145e-04
1.336983741824945184e+02,1.415663962981991513e-04
1.365007806546013853e+02,1.239858831988415214e-04
1.393619274224143396e+02,1.065357834913864700e-04
1.422830457214352009e+02,8.951965642246873022e-05
1.452653925946781328e+02,7.288302928716733646e-05
1.483102514336102900e+02,5.683277642532035234e-05
1.514189325304351996e+02,2.785071695422136983e-05
1.545927736419478435e+02,1.558210834537094829e-05
1.578331405652116359e+02,5.634632103900538645e-06
1.611414277253019804e+02,0.000000000000000000e+00
1.645190587753660907e+02,0.000000000000000000e+00
1.679674872092653288e+02,0.000000000000000000e+00
1.714881969870540956e+02,0.000000000000000000e+00
1.750827031735723267e+02,0.000000000000000000e+00
1.787525525904235337e+02,0.000000000000000000e+00
1.824993244816150479e+02,0.000000000000000000e+00
1.863246311931559944e+02,0.000000000000000000e+00
1.902301188668945713e+02,0.000000000000000000e+00
1.942174681489024408e+02,0.000000000000000000e+00
1.982883949127071332e+02,0.000000000000000000e+00
2.024446509976801849e+02,0.000000000000000000e+00
2.066880249629082016e+02,0.000000000000000000e+00
2.110203428568596564e+02,0.000000000000000000e+00
2.154434690031882269e+02,0.000000000000000000e+00
2.199593068030074789e+02,0.000000000000000000e+00
2.245697995539771625e+02,0.000000000000000000e+00
2.292769312865648885e+02,0.000000000000000000e+00
2.340827276178294198e+02,0.000000000000000000e+00
2.389892566231047795e+02,0.000000000000000000e+00
2.439986297259550270e+02,0.000000000000000000e+00
2.491130026067785934e+02,0.000000000000000000e+00
2.543345761304648249e+02,0.000000000000000000e+00
2.596655972934872239e+02,0.000000000000000000e+00
2.651083601908536025e+02,0.000000000000000000e+00
2.706652070033241557e+02,0.000000000000000000e+00
2.763385290053172412e+02,0.000000000000000000e+00
2.821307675939470982e+02,0.000000000000000000e+00
2.880444153396297793e+02,0.000000000000000000e+00
2.940820170587060716e+02,0.000000000000000000e+00
3.002461709085549160e+02,0.000000000000000000e+00
3.065395295056529790e+02,0.000000000000000000e+00
3.129648010670750296e+02,0.000000000000000000e+00
3.195247505759213595e+02,0.000000000000000000e+00
3.262222009711666715e+02,0.000000000000000000e+00
3.330600343624588504e+02,0.000000000000000000e+00
3.400411932703709681e+02,0.000000000000000000e+00
3.471686818926559681e+02,0.000000000000000000e+00
3.544455673970435328e+02,0.000000000000000000e+00
3.618749812411276707e+02,0.000000000000000000e+00
3.694601205199302285e+02,0.000000000000000000e+00
3.772042493417001197e+02,0.000000000000000000e+00
3.851107002325568942e+02,0.000000000000000000e+00
3.931828755705770391e+02,0.000000000000000000e+00
4.014242490499318023e+02,0.000000000000000000e+00
4.098383671757261482e+02,0.000000000000000000e+00
4.184288507901584353e+02,0.000000000000000000e+00
4.271993966306776542e+02,0.000000000000000000e+00
4.361537789208005620e+02,0.000000000000000000e+00
4.452958509942650949e+02,0.000000000000000000e+00
4.546295469532399238e+02,0.000000000000000000e+00
4.641588833612781855e+02,0.000000000000000000e+00
4.738879609717650965e+02,0.000000000000000000e+00
4.838209664925957441e+02,0.000000000000000000e+00
4.939621743878315669e+02,0.000000000000000000e+00
5.043159487171358819e+02,0.000000000000000000e+00
5.148867450137497599e+02,0.000000000000000000e+00
5.256791122018419173e+02,0.000000000000000000e+00
5.366976945540476436e+02,0.000000000000000000e+00
5.479472336900281562e+02,0.000000000000000000e+00
5.594325706169377099e+02,0.000000000000000000e+00
5.711586478126434940e+02,0.000000000000000000e+00
5.831305113526218520e+02,0.000000000000000000e+00
5.953533130814370224e+02,0.000000000000000000e+00
6.078323128297223548e+02,0.000000000000000000e+00
6.205728806776500051e+02,0.000000000000000000e+00
6.335804992658254378e+02,0.000000000000000000e+00
6.468607661546320742e+02,0.000000000000000000e+00
6.604193962330305112e+02,0.000000000000000000e+00
6.742622241778335592e+02,0.000000000000000000e+00
6.883952069645496294e+02,0.000000000000000000e+00
7.028244264308352740e+02,0.000000000000000000e+00
7.175560918936921553e+02,0.000000000000000000e+00
7.325965428215230304e+02,0.000000000000000000e+00
7.479522515621813454e+02,0.000000000000000000e+00
7.636298261282241810e+02,0.000000000000000000e+00
7.796360130405237214e+02,0.000000000000000000e+00
7.959777002314978063e+02,0.000000000000000000e+00
8.126619200091945459e+02,0.000000000000000000e+00
8.296958520834898536e+02,0.000000000000000000e+00
8.470868266557401967e+02,0.000000000000000000e+00
8.648423275731726108e+02,0.000000000000000000e+00
8.829699955494082815e+02,0.000000000000000000e+00
9.014776314524917780e+02,0.000000000000000000e+00
9.203731996618230369e+02,0.000000000000000000e+00
9.396648314954691159e+02,0.000000000000000000e+00
9.593608287093146600e+02,0.000000000000000000e+00
9.794696670695385592e+02,0.000000000000000000e+00
1.000000000000000000e+03,0.000000000000000000e+00
1.020960662306047539e+03,0.000000000000000000e+00
1.042360673976403177e+03,0.000000000000000000e+00
1.064209244064722498e+03,0.000000000000000000e+00
1.086515774652537175e+03,0.000000000000000000e+00
1.109289864895222763e+03,0.000000000000000000e+00
1.132541315152812558e+03,0.000000000000000000e+00
1.156280131207377735e+03,0.000000000000000000e+00
1.180516528568803096e+03,0.000000000000000000e+00
1.205260936870841306e+03,0.000000000000000000e+00
1.230524004359261653e+03,0.000000000000000000e+00
1.256316602474121510e+03,0.000000000000000000e+00
1.282649830528062466e+03,0.000000000000000000e+00
1.309535020482665004e+03,0.000000000000000000e+00
1.336983741824945128e+03,0.000000000000000000e+00
1.365007806546013853e+03,0.000000000000000000e+00
1.393619274224143510e+03,0.000000000000000000e+00
1.422830457214354738e+03,0.000000000000000000e+00
1.452653925946778145e+03,0.000000000000000000e+00
1.483102514336102786e+03,0.000000000000000000e+00
1.514189325304351996e+03,0.000000000000000000e+00
1.545927736419478606e+03,0.000000000000000000e+00
1.578331405652119656e+03,0.000000000000000000e+00
1.611414277253016508e+03,0.000000000000000000e+00
1.645190587753660793e+03,0.000000000000000000e+00
1.679674872092653231e+03,0.000000000000000000e+00
1.714881969870540843e+03,0.000000000000000000e+00
1.750827031735726905e+03,0.000000000000000000e+00
1.787525525904231699e+03,0.000000000000000000e+00
1.824993244816150536e+03,0.000000000000000000e+00
1.863246311931559831e+03,0.000000000000000000e+00
1.902301188668945770e+03,0.000000000000000000e+00
1.942174681489028444e+03,0.000000000000000000e+00
1.982883949127067353e+03,0.000000000000000000e+00
2.024446509976801735e+03,0.000000000000000000e+00
2.066880249629081845e+03,0.000000000000000000e+00
2.110203428568596337e+03,0.000000000000000000e+00
2.154434690031886475e+03,0.000000000000000000e+00
2.199593068030070299e+03,0.000000000000000000e+00
2.245697995539771910e+03,0.000000000000000000e+00
2.292769312865648772e+03,0.000000000000000000e+00
2.340827276178294142e+03,0.000000000000000000e+00
2.389892566231052569e+03,0.000000000000000000e+00
2.439986297259545154e+03,0.000000000000000000e+00
2.491130026067785820e+03,0.000000000000000000e+00
2.543345761304648022e+03,0.000000000000000000e+00
2.596655972934872352e+03,0.000000000000000000e+00
2.651083601908541823e+03,0.000000000000000000e+00
2.706652070033235759e+03,0.000000000000000000e+00
2.763385290053166955e+03,0.000000000000000000e+00
2.821307675939470755e+03,0.000000000000000000e+00
2.880444153396297679e+03,0.000000000000000000e+00
2.940820170587066514e+03,0.000000000000000000e+00
3.002461709085543134e+03,0.000000000000000000e+00
3.065395295056523537e+03,0.000000000000000000e+00
3.129648010670750409e+03,0.000000000000000000e+00
3.195247505759213709e+03,0.000000000000000000e+00
3.262222009711673309e+03,0.000000000000000000e+00
3.330600343624581910e+03,0.000000000000000000e+00
3.400411932703702405e+03,0.000000000000000000e+00
3.471686818926559681e+03,0.000000000000000000e+00
3.544455673970435782e+03,0.000000000000000000e+00
3.618749812411283983e+03,0.000000000000000000e+00
3.694601205199294782e+03,0.000000000000000000e+00
3.772042493416993693e+03,0.000000000000000000e+00
3.851107002325568828e+03,0.000000000000000000e+00
3.931828755705770163e+03,0.000000000000000000e+00
4.014242490499325868e+03,0.000000000000000000e+00
4.098383671757253069e+03,0.000000000000000000e+00
4.184288507901575940e+03,0.000000000000000000e+00
4.271993966306776201e+03,0.000000000000000000e+00
4.361537789208005961e+03,0.000000000000000000e+00
4.452958509942660385e+03,0.000000000000000000e+00
4.546295469532390598e+03,0.000000000000000000e+00
4.641588833612772760e+03,0.000000000000000000e+00
4.738879609717650965e+03,0.000000000000000000e+00
4.838209664925957441e+03,0.000000000000000000e+00
4.939621743878326015e+03,0.000000000000000000e+00
5.043159487171348701e+03,0.000000000000000000e+00
5.148867450137487140e+03,0.000000000000000000e+00
5.256791122018418719e+03,0.000000000000000000e+00
5.366976945540475754e+03,0.000000000000000000e+00
5.479472336900292248e+03,0.000000000000000000e+00
5.594325706169389377e+03,0.000000000000000000e+00
5.711586478126423572e+03,0.000000000000000000e+00
5.831305113526218520e+03,0.000000000000000000e+00
5.953533130814370452e+03,0.000000000000000000e+00
6.078323128297236508e+03,0.000000000000000000e+00
6.205728806776513011e+03,0.000000000000000000e+00
6.335804992658241645e+03,0.000000000000000000e+00
6.468607661546320742e+03,0.000000000000000000e+00
6.604193962330305112e+03,0.000000000000000000e+00
6.742622241778349235e+03,0.000000000000000000e+00
6.883952069645510164e+03,0.000000000000000000e+00
7.028244264308338643e+03,0.000000000000000000e+00
7.175560918936920643e+03,0.000000000000000000e+00
7.325965428215230531e+03,0.000000000000000000e+00
7.479522515621828461e+03,0.000000000000000000e+00
7.636298261282257045e+03,0.000000000000000000e+00
7.796360130405220843e+03,0.000000000000000000e+00
7.959777002314977835e+03,0.000000000000000000e+00
8.126619200091945459e+03,0.000000000000000000e+00
8.296958520834914452e+03,0.000000000000000000e+00
8.470868266557419702e+03,0.000000000000000000e+00
8.648423275731709509e+03,0.000000000000000000e+00
8.829699955494083042e+03,0.000000000000000000e+00
9.014776314524917325e+03,0.000000000000000000e+00
9.203731996618229459e+03,0.000000000000000000e+00
9.396648314954709349e+03,0.000000000000000000e+00
9.593608287093127728e+03,0.000000000000000000e+00
9.794696670695386274e+03,0.000000000000000000e+00
1.000000000000000000e+04,0.000000000000000000e+00
