1.000000000000000082e-05,1.156292122916639300e+03
1.020960662306047607e-05,1.132553054586126336e+03
1.042360673976401146e-05,1.109301357231900056e+03
1.064209244064724650e-05,1.086527024965552528e+03
1.086515774652537261e-05,1.064220257322903990e+03
1.109289864895222712e-05,1.042371455046559277e+03
1.132541315152812671e-05,1.020971215955080311e+03
1.156280131207375302e-05,1.000010330896942833e+03
1.180516528568805612e-05,9.794797797875639844e+02
1.205260936870841401e-05,9.593707277277085268e+02
1.230524004359261647e-05,9.396745212015562174e+02
1.256316602474121465e-05,9.203826843528527206e+02
1.282649830528059917e-05,9.014869153374957023e+02
1.309535020482667643e-05,8.829790827509991686e+02
1.336983741824945150e-05,8.648512221293264020e+02
1.365007806546013744e-05,8.470955325215318226e+02
1.393619274224143468e-05,8.297043731327953537e+02
1.422830457214351858e-05,8.126702600363583997e+02
1.452653925946781202e-05,7.959858629529647942e+02
1.483102514336102853e-05,7.796440020964388395e+02
1.514189325304351951e-05,7.636376450839992458e+02
1.545927736419478539e-05,7.479599039100288564e+02
1.578331405652116359e-05,7.326040319819592241e+02
1.611414277253019959e-05,7.175634212170094770e+02
1.645190587753660725e-05,7.028315991985431310e+02
1.679674872092653225e-05,6.884022263907864954e+02
1.714881969870540916e-05,6.742690934107511112e+02
1.750827031735723228e-05,6.604261183561482085e+02
1.787525525904235524e-05,6.468673441881628605e+02
1.824993244816150412e-05,6.335869361679767735e+02
1.863246311931559903e-05,6.205791793458959091e+02
1.902301188668945850e-05,6.078384761020514588e+02
1.942174681489024571e-05,5.953593437375725443e+02
1.982883949127071257e-05,5.831364121152188318e+02
2.024446509976801623e-05,5.711644213484593138e+02
2.066880249629082024e-05,5.594382195379810128e+02
2.110203428568596656e-05,5.479527605546816176e+02
2.154434690031882321e-05,5.367031018681699379e+02
2.199593068030074845e-05,5.256844024198454690e+02
2.245697995539776298e-05,5.148919205396560983e+02
2.292769312865648647e-05,5.043210119056138865e+02
2.340827276178294449e-05,4.939671275452053010e+02
2.389892566231047836e-05,4.838258118778405787e+02
2.439986297259550131e-05,4.738927007974791081e+02
2.491130026067790961e-05,4.641635197946329185e+02
2.543345761304648090e-05,4.546340821169168862e+02
2.596655972934872479e-05,4.453002869673637747e+02
2.651083601908536211e-05,4.361581177397368378e+02
2.706652070033241139e-05,4.272036402900590701e+02
2.763385290053172626e-05,4.184330012436416837e+02
2.821307675939470740e-05,4.098424263368611378e+02
2.880444153396297702e-05,4.014282187929803740e+02
2.940820170587060722e-05,3.931867577313224729e+02
3.002461709085549186e-05,3.851144966090931803e+02
3.065395295056530018e-05,3.772079616952053129e+02
3.129648010670750265e-05,3.694637505754267863e+02
3.195247505759213607e-05,3.618785306882206783e+02
3.262222009711666644e-05,3.544490378906506294e+02
3.330600343624588548e-05,3.471720750537186859e+02
3.400411932703709724e-05,3.400445106865518028e+02
3.471686818926559409e-05,3.330632775888271340e+02
3.544455673970435463e-05,3.262253715308634696e+02
3.618749812411276967e-05,3.195278499608180596e+02
3.694601205199302477e-05,3.129678307384141931e+02
3.772042493417001620e-05,3.065424908946768596e+02
3.851107002325568519e-05,3.002490654171238020e+02
3.931828755705769966e-05,2.940848460598974725e+02
4.014242490499317844e-05,2.880471801783325532e+02
4.098383671757261184e-05,2.821334695874386398e+02
4.184288507901584570e-05,2.763411694438304949e+02
4.271993966306776293e-05,2.706677871506047950e+02
4.361537789208005635e-05,2.651108812847004970e+02
4.452958509942659792e-05,2.596680605462868812e+02
4.546295469532399562e-05,2.543369827297144923e+02
4.641588833612781789e-05,2.491153537155944946e+02
4.738879609717651056e-05,2.440009264835746023e+02
4.838209664925957121e-05,2.389915001453766479e+02
4.939621743878325959e-05,2.340849189976927960e+02
5.043159487171358695e-05,2.292790715945222360e+02
5.148867450137497919e-05,2.245718898385516127e+02
5.256791122018419400e-05,2.199613480911961574e+02
5.366976945540475778e-05,2.154454623009036709e+02
5.479472336900292591e-05,2.110222891493623933e+02
5.594325706169377268e-05,2.066899252152320514e+02
5.711586478126435033e-05,2.024465061550454550e+02
5.831305113526218489e-05,1.982902059009287825e+02
5.953533130814369864e-05,1.942192358747882110e+02
6.078323128297236501e-05,1.902318442186347340e+02
6.205728806776500081e-05,1.863263150407071578e+02
6.335804992658254750e-05,1.825009676770720262e+02
6.468607661546321112e-05,1.787541559683880905e+02
6.604193962330304700e-05,1.750842675515112887e+02
6.742622241778349222e-05,1.714897231656510428e+02
6.883952069645495682e-05,1.679689759727668275e+02
7.028244264308352554e-05,1.645205108919167287e+02
7.175560918936921718e-05,1.611428439472765035e+02
7.325965428215229914e-05,1.578345216295382158e+02
7.479522515621828658e-05,1.545941202704249235e+02
7.636298261282241959e-05,1.514202454300434795e+02
7.796360130405236585e-05,1.483115312968150761e+02
7.959777002314977982e-05,1.452666400997283631e+02
8.126619200091945365e-05,1.422842615326552789e+02
8.296958520834915780e-05,1.393631121904894599e+02
8.470868266557402936e-05,1.365019350168589938e+02
8.648423275731726594e-05,1.336994987631765923e+02
8.829699955494083421e-05,1.309545974587996398e+02
9.014776314524917239e-05,1.282660498920632790e+02
9.203731996618230639e-05,1.256326991019721220e+02
9.396648314954690162e-05,1.230534118803252710e+02
9.593608287093146887e-05,1.205270782840626254e+02
9.794696670695385331e-05,1.180526111576257193e+02
1.000000000000000048e-04,1.156289456651206251e+02
1.020960662306046523e-04,1.132550388320896531e+02
1.042360673976401179e-04,1.109298690966875682e+02
1.064209244064724582e-04,1.086524358700738873e+02
1.086515774652538379e-04,1.064217591058304322e+02
1.109289864895222780e-04,1.042368788782180502e+02
1.132541315152811519e-04,1.020968549690926324e+02
1.156280131207375404e-04,1.000007664633016731e+02
1.180516528568805612e-04,9.794771135238717363e+01
1.205260936870842587e-04,9.593680614642538274e+01
1.230524004359261579e-04,9.396718549383463426e+01
1.256316602474121533e-04,9.203800180898915073e+01
1.282649830528059917e-04,9.014842490747884085e+01
1.309535020482667609e-04,8.829764164885510525e+01
1.336983741824946607e-04,8.648485558671421813e+01
1.365007806546013845e-04,8.470928662596188019e+01
1.393619274224143468e-04,8.297017068711582510e+01
1.422830457214352027e-04,8.126675937750029277e+01
1.452653925946781202e-04,7.959831966918970636e+01
1.483102514336104446e-04,7.796413358356637957e+01
1.514189325304352018e-04,7.636349788235249036e+01
1.545927736419478403e-04,7.479572376498607866e+01
1.578331405652116427e-04,7.326013657221038500e+01
1.611414277253019891e-04,7.175607549574728239e+01
1.645190587753662351e-04,7.028289329393314233e+01
1.679674872092653225e-04,6.883995601319081459e+01
1.714881969870540781e-04,6.742664271522123443e+01
1.750827031735723363e-04,6.604234520979555612e+01
1.787525525904235457e-04,6.468646779303244898e+01
1.824993244816152445e-04,6.335842699104988185e+01
1.863246311931559835e-04,6.205765130887880332e+01
1.902301188668945714e-04,6.078358098453200142e+01
1.942174681489024571e-04,5.953566774812254891e+01
1.982883949127071325e-04,5.831337458592644651e+01
2.024446509976803791e-04,5.711617550929052101e+01
2.066880249629082160e-04,5.594355532828365085e+01
2.110203428568596521e-04,5.479500942999552393e+01
2.154434690031882321e-04,5.367004356138698995e+01
2.199593068030074913e-04,5.256817361659808796e+01
2.245697995539773994e-04,5.148892542862364508e+01
2.292769312865648647e-04,5.043183456526479347e+01
2.340827276178294449e-04,4.939644612927028078e+01
2.389892566231047904e-04,4.838231456258112217e+01
2.439986297259550199e-04,4.738900345459327923e+01
2.491130026067788590e-04,4.641608535435803162e+01
2.543345761304648361e-04,4.546314158663672345e+01
2.596655972934872546e-04,4.452976207173283285e+01
2.651083601908536076e-04,4.361554514902263691e+01
2.706652070033241072e-04,4.272009740410844358e+01
2.763385290053169780e-04,4.184303349952146078e+01
2.821307675939470740e-04,4.098397600889921932e+01
2.880444153396297634e-04,4.014255525456816542e+01
2.940820170587060450e-04,3.931840914846060286e+01
3.002461709085549389e-04,3.851118303629712614e+01
3.065395295056526901e-04,3.772052954496905386e+01
3.129648010670750265e-04,3.694610843305313352e+01
3.195247505759213607e-04,3.618758644439578376e+01
3.262222009711669896e-04,3.544463716470333026e+01
3.330600343624588820e-04,3.471694088107611975e+01
3.400411932703705929e-04,3.400418444442678378e+01
3.471686818926559680e-04,3.330606113472300933e+01
3.544455673970435734e-04,3.262227052899682889e+01
3.618749812411280490e-04,3.195251837206389567e+01
3.694601205199302477e-04,3.129651644989668569e+01
3.772042493416997554e-04,3.065398246559767514e+01
3.851107002325568655e-04,3.002463991791856657e+01
3.931828755705770373e-04,2.940821798227378636e+01
4.014242490499322046e-04,2.880445139419672884e+01
4.098383671757261184e-04,2.821308033518850777e+01
4.184288507901584705e-04,2.763385032091054327e+01
4.271993966306776428e-04,2.706651209167254990e+01
4.361537789208005771e-04,2.651082150516846880e+01
4.452958509942655184e-04,2.596653943141529197e+01
4.546295469532399291e-04,2.543343164984804616e+01
4.641588833612782196e-04,2.491126874852793449e+01
4.738879609717650920e-04,2.439982602541977386e+01
4.838209664925957392e-04,2.389888339169576170e+01
4.939621743878321080e-04,2.340822527702519906e+01
5.043159487171358559e-04,2.292764053680796010e+01
5.148867450137497919e-04,2.245692236131283437e+01
5.256791122018419265e-04,2.199586818668136701e+01
5.366976945540475642e-04,2.154427960775838002e+01
5.479472336900287170e-04,2.110196229271274504e+01
5.594325706169377133e-04,2.066872589941045391e+01
5.711586478126434762e-04,2.024438399350487217e+01
5.831305113526218760e-04,1.982875396820865888e+01
5.953533130814370406e-04,1.942165696571246869e+01
6.078323128297229453e-04,1.902291780021747769e+01
6.205728806776500623e-04,1.863236488254755585e+01
6.335804992658254208e-04,1.824983014630948830e+01
6.468607661546321112e-04,1.787514897556915017e+01
6.604193962330305243e-04,1.750816013401221483e+01
6.742622241778341904e-04,1.714870569555970903e+01
6.883952069645496224e-04,1.679663097640755964e+01
7.028244264308353096e-04,1.645178446846169251e+01
7.175560918936921447e-04,1.611401777413972525e+01
7.325965428215230456e-04,1.578318554251093353e+01
7.479522515621820798e-04,1.545914540674770876e+01
7.636298261282241416e-04,1.514175792286073019e+01
7.796360130405237399e-04,1.483088650969222932e+01
7.959777002314977982e-04,1.452639739014115072e+01
8.126619200091945907e-04,1.422815953359472552e+01
8.296958520834906564e-04,1.393604459954242536e+01
8.470868266557402123e-04,1.364992688234706542e+01
8.648423275731726865e-04,1.336968325715003836e+01
8.829699955494082608e-04,1.309519312688714798e+01
9.014776314524917782e-04,1.282633837039198532e+01
9.203731996618220610e-04,1.256300329156509576e+01
9.396648314954690433e-04,1.230507456958642543e+01
9.593608287093146345e-04,1.205244121015009284e+01
9.794696670695395360e-04,1.180499449770030118e+01
1.000000000000000021e-03,1.156262794864777277e+01
1.020960662306046604e-03,1.132523726554680010e+01
1.042360673976401152e-03,1.109272029221295064e+01
1.064209244064724582e-03,1.086497696976226202e+01
1.086515774652538433e-03,1.064190929355301840e+01
1.109289864895222780e-03,1.042342127101139049e+01
1.132541315152811546e-03,1.020941888032306011e+01
1.156280131207375458e-03,9.999810029972872272e+00
1.180516528568805639e-03,9.794504519115129426e+00
1.205260936870842505e-03,9.593413998757560179e+00
1.230524004359261634e-03,9.396451933742088869e+00
1.256316602474120232e-03,9.203533565506264225e+00
1.282649830528059809e-03,9.014575875609148525e+00
1.309535020482667771e-03,8.829497550006017548e+00
1.336983741824946661e-03,8.648218944056610624e+00
1.365007806546013683e-03,8.470662048251606180e+00
1.393619274224142113e-03,8.296750454642900507e+00
1.422830457214352027e-03,8.126409323963009967e+00
1.452653925946781202e-03,7.959565353419524314e+00
1.483102514336104337e-03,7.796146745150798196e+00
1.514189325304352018e-03,7.636083175329163808e+00
1.545927736419476940e-03,7.479305763898570270e+00
1.578331405652118108e-03,7.325747044933437202e+00
1.611414277253019837e-03,7.175340937606135228e+00
1.645190587753662514e-03,7.028022717750407544e+00
1.679674872092653225e-03,6.883728990008689763e+00
1.714881969870539046e-03,6.742397660551219474e+00
1.750827031735725098e-03,6.603967910355235560e+00
1.787525525904235402e-03,6.468380169032790228e+00
1.824993244816152391e-03,6.335576089195807725e+00
1.863246311931559835e-03,6.205498521347545982e+00
1.902301188668943871e-03,6.078091489289449534e+00
1.942174681489026522e-03,5.953300166032960306e+00
1.982883949127071596e-03,5.831070850205880340e+00
2.024446509976803900e-03,5.711350942943043130e+00
2.066880249629082268e-03,5.594088925251506694e+00
2.110203428568594407e-03,5.479234335840422965e+00
2.154434690031884272e-03,5.366737749406039981e+00
2.199593068030074750e-03,5.256550755362572325e+00
2.245697995539773940e-03,5.148625937009670750e+00
2.292769312865648810e-03,5.042916851127642097e+00
2.340827276178291793e-03,4.939378007991565234e+00
2.389892566231050126e-03,4.837964851795722332e+00
2.439986297259550199e-03,4.738633741479935324e+00
2.491130026067788373e-03,4.641341931949525268e+00
2.543345761304648036e-03,4.546047555680845953e+00
2.596655972934869619e-03,4.452709604704461199e+00
2.651083601908538895e-03,4.361287912958203172e+00
2.706652070033241288e-03,4.271743139002556866e+00
2.763385290053169997e-03,4.184036749090854101e+00
2.821307675939470957e-03,4.098131000587088124e+00
2.880444153396298067e-03,4.013988925724144785e+00
2.940820170587063812e-03,3.931574315695494093e+00
3.002461709085549064e-03,3.850851705073458309e+00
3.065395295056526793e-03,3.771786356547412566e+00
3.129648010670750373e-03,3.694344245975296648e+00
3.195247505759213607e-03,3.618492047742017714e+00
3.262222009711669788e-03,3.544197120418483227e+00
3.330600343624588386e-03,3.471427492715001950e+00
3.400411932703706255e-03,3.400151849723124009e+00
3.471686818926559247e-03,3.330339519439907026e+00
3.544455673970435625e-03,3.261960459568844506e+00
3.618749812411280273e-03,3.194985244591810325e+00
3.694601205199302477e-03,3.129385053106357617e+00
3.772042493416997554e-03,3.065131655423044776e+00
3.851107002325568872e-03,3.002197401417368017e+00
3.931828755705770589e-03,2.940555208631095319e+00
4.014242490499322046e-03,2.880178550617900513e+00
4.098383671757261509e-03,2.821041445528238434e+00
4.184288507901580585e-03,2.763118444928599704e+00
4.271993966306776754e-03,2.706384622850305899e+00
4.361537789208005771e-03,2.650815565063121770e+00
4.452958509942655727e-03,2.596387358569114845e+00
4.546295469532399616e-03,2.543076581312167406e+00
4.641588833612777208e-03,2.490860292098788342e+00
4.738879609717651029e-03,2.439716020725844814e+00
4.838209664925957609e-03,2.389621758310970012e+00
4.939621743878320863e-03,2.340555947821503224e+00
5.043159487171358993e-03,2.292497474797849488e+00
5.148867450137492065e-03,2.245425658267322877e+00
5.256791122018424252e-03,2.199320241844502366e+00
5.366976945540476510e-03,2.154161385014332186e+00
5.479472336900287170e-03,2.109929654594148829e+00
5.594325706169377133e-03,2.066606016371018928e+00
5.711586478126429341e-03,2.024171826910754479e+00
5.831305113526225048e-03,1.982608825535101538e+00
5.953533130814370189e-03,1.941899126463633385e+00
6.078323128297229670e-03,1.902025211116964654e+00
6.205728806776500406e-03,1.862969920578002148e+00
6.335804992658247703e-03,1.824716448207952979e+00
6.468607661546327617e-03,1.787248332413936769e+00
6.604193962330305243e-03,1.750549449565081295e+00
6.742622241778342337e-03,1.714604007054042922e+00
6.883952069645496441e-03,1.679396536500990855e+00
7.028244264308345507e-03,1.644911887097102898e+00
7.175560918936928385e-03,1.611135219084732562e+00
7.325965428215230023e-03,1.578051997371426651e+00
7.479522515621821015e-03,1.545647985275039327e+00
7.636298261282242067e-03,1.513909238397278312e+00
7.796360130405228725e-03,1.482822098623016949e+00
7.959777002314986222e-03,1.452373188242802815e+00
8.126619200091946341e-03,1.422549404196048028e+00
8.296958520834906564e-03,1.393337912432382808e+00
8.470868266557402340e-03,1.364726142388794639e+00
8.648423275731717541e-03,1.336701781580145187e+00
8.829699955494091715e-03,1.309252770300742830e+00
9.014776314524916914e-03,1.282367296434705262e+00
9.203731996618221695e-03,1.256033790372847125e+00
9.396648314954691300e-03,1.230240920033947249e+00
9.593608287093146128e-03,1.204977585988214139e+00
9.794696670695395360e-03,1.180232916680882926e+00
1.000000000000000021e-02,1.155996263753858777e+00
1.020960662306046561e-02,1.132257197463419018e+00
1.042360673976401239e-02,1.109005502191987347e+00
1.064209244064724669e-02,1.086231172052052996e+00
1.086515774652538346e-02,1.063924406580347704e+00
1.109289864895222737e-02,1.042075606520410203e+00
1.132541315152811416e-02,1.020675369691751433e+00
1.156280131207375328e-02,9.997144869438162607e-01
1.180516528568805595e-02,9.791839381930163011e-01
1.205260936870842549e-02,9.590748885411261027e-01
1.230524004359261590e-02,9.393786844733611474e-01
1.256316602474120102e-02,9.200868501345205175e-01
1.282649830528059809e-02,9.011910836815759662e-01
1.309535020482667685e-02,8.826832537111434229e-01
1.336983741824946531e-02,8.645553957603071549e-01
1.365007806546013856e-02,8.467997088792689198e-01
1.393619274224142113e-02,8.294085522743767092e-01
1.422830457214351897e-02,8.123744420200634808e-01
1.452653925946781159e-02,7.956900478382948894e-01
1.483102514336104467e-02,7.793481899441372374e-01
1.514189325304352018e-02,7.633418359560821820e-01
1.545927736419477026e-02,7.476640978698071427e-01
1.578331405652116590e-02,7.323082290940655659e-01
1.611414277253019750e-02,7.172676215474299566e-01
1.645190587753662601e-02,7.025358028146418965e-01
1.679674872092653051e-02,6.881064333613383655e-01
1.714881969870539133e-02,6.739733038059662062e-01
1.750827031735725098e-02,6.601303322477016788e-01
1.787525525904235316e-02,6.465715616492326845e-01
1.824993244816152521e-02,6.332911572732664585e-01
1.863246311931559748e-02,6.202834041716730473e-01
1.902301188668944001e-02,6.075427047261745539e-01
1.942174681489026306e-02,5.950635762395262152e-01
1.982883949127071249e-02,5.828406485761512545e-01
2.024446509976803726e-02,5.708686618512115452e-01
2.066880249629082095e-02,5.591424641671259854e-01
2.110203428568594233e-02,5.476570093965584807e-01
2.154434690031884619e-02,5.364073550109182964e-01
2.199593068030074663e-02,5.253886599534501878e-01
2.245697995539773853e-02,5.145961825559786096e-01
2.292769312865648723e-02,5.040252784984332601e-01
2.340827276178291880e-02,4.936713988102604533e-01
2.389892566231050300e-02,4.835300879128664464e-01
2.439986297259550199e-02,4.735969817022543382e-01
2.491130026067788633e-02,4.638678056710169861e-01
2.543345761304648123e-02,4.543383730688947963e-01
2.596655972934869619e-02,4.450045831010921438e-01
2.651083601908538895e-02,4.358624191635855905e-01
2.706652070033241375e-02,4.269079471146619009e-01
2.763385290053169824e-02,4.181373135819392295e-01
2.821307675939470697e-02,4.095467443041497235e-01
2.880444153396297807e-02,4.011325425069622863e-01
2.940820170587063812e-02,3.928910873121543856e-01
3.002461709085549324e-02,3.848188321794392408e-01
3.065395295056526706e-02,3.769123033802860845e-01
3.129648010670750546e-02,3.691680985030739715e-01
3.195247505759213347e-02,3.615828849889316521e-01
3.262222009711669701e-02,3.541533986976427850e-01
3.330600343624588733e-02,3.468764425029873255e-01
3.400411932703706341e-02,3.397488849169260638e-01
3.471686818926559420e-02,3.327676587420281828e-01
3.544455673970435539e-02,3.259297597515669609e-01
3.618749812411280187e-02,3.192322453967127993e-01
3.694601205199302130e-02,3.126722335402670749e-01
3.772042493416997294e-02,3.062469012163938631e-01
3.851107002325569045e-02,2.999534834158158469e-01
3.931828755705769896e-02,2.937892718959483895e-01
4.014242490499322219e-02,2.877516140154638968e-01
4.098383671757261509e-02,2.818379115927821532e-01
4.184288507901580412e-02,2.760456197879954665e-01
4.271993966306776580e-02,2.703722460077506162e-01
4.361537789208005944e-02,2.648153488326116523e-01
4.452958509942655380e-02,2.593725369664464098e-01
4.546295469532399269e-02,2.540414682073800501e-01
4.641588833612777382e-02,2.488198484398776167e-01
4.738879609717651376e-02,2.437054306475185672e-01
4.838209664925956915e-02,2.386960139460390373e-01
4.939621743878321036e-02,2.337894426362278066e-01
5.043159487171358646e-02,2.289836052762639629e-01
5.148867450137492585e-02,2.242764337731024127e-01
5.256791122018424772e-02,2.196659024925118331e-01
5.366976945540476163e-02,2.151500273873861169e-01
5.479472336900287344e-02,2.107268651439485330e-01
5.594325706169377826e-02,2.063945123454881680e-01
5.711586478126429167e-02,2.021511046532627753e-01
5.831305113526224354e-02,1.979948160042192540e-01
5.953533130814370189e-02,1.939238578251856748e-01
6.078323128297229844e-02,1.899364782631940696e-01
6.205728806776500406e-02,1.860309614316076887e-01
6.335804992658247703e-02,1.822056266717239914e-01
6.468607661546327270e-02,1.784588278295376473e-01
6.604193962330305590e-02,1.747889525473526606e-01
6.742622241778342684e-02,1.711944215699361116e-01
6.883952069645496441e-02,1.676736880649190853e-01
7.028244264308344813e-02,1.642252369571485515e-01
7.175560918936928212e-02,1.608475842767060349e-01
7.325965428215229502e-02,1.575392765203119660e-01
7.479522515621821188e-02,1.542988900258395191e-01
7.636298261282241373e-02,1.511250303596714251e-01
7.796360130405229072e-02,1.480163317166336978e-01
7.959777002314985528e-02,1.449714563322494765e-01
8.126619200091945994e-02,1.419890939070595770e-01
8.296958520834907258e-02,1.390679610427615898e-01
8.470868266557401993e-02,1.362068006899258832e-01
8.648423275731717541e-02,1.334043816070498156e-01
8.829699955494091368e-02,1.306594978307183408e-01
9.014776314524917955e-02,1.279709681566423840e-01
9.203731996618221001e-02,1.253376356313511963e-01
9.396648314954690606e-02,1.227583670543212074e-01
9.593608287093147169e-02,1.202320524903261606e-01
9.794696670695395013e-02,1.177576047917995722e-01
1.000000000000000056e-01,1.153339591310020146e-01
1.020960662306047567e-01,1.129600725417946316e-01
1.042360673976401170e-01,1.106349234708200041e-01
1.064209244064724669e-01,1.083575113378964644e-01
1.086515774652537236e-01,1.061268561054398984e-01
1.109289864895222771e-01,1.039419978567230202e-01
1.132541315152812700e-01,1.018019963827958979e-01
1.156280131207375328e-01,9.970593077788519887e-02
1.180516528568805595e-01,9.765289904310059388e-02
1.205260936870841404e-01,9.564201769827887500e-02
1.230524004359261625e-01,9.367242140179436738e-02
1.256316602474121524e-01,9.174326257817798369e-02
1.282649830528059809e-01,8.985371105337934539e-02
1.309535020482667789e-01,8.800295369751741370e-02
1.336983741824945282e-01,8.619019407496761320e-02
1.365007806546013891e-01,8.441465210162982236e-02
1.393619274224143501e-01,8.267556370923620501e-02
1.422830457214351862e-01,8.097218051654876680e-02
1.452653925946781333e-01,7.930376950730774754e-02
1.483102514336102906e-01,7.766961271479369544e-02
1.514189325304352018e-01,7.606900691286321015e-02
1.545927736419478449e-01,7.450126331333023488e-02
1.578331405652116382e-01,7.296570726955924069e-02
1.611414277253019889e-01,7.146167798614334876e-02
1.645190587753660727e-01,6.998852823454507210e-02
1.679674872092653259e-01,6.854562407457250039e-02
1.714881969870540868e-01,6.713234458157642248e-02
1.750827031735723294e-01,6.574808157924667829e-02
1.787525525904235524e-01,6.439223937789458063e-02
1.824993244816150439e-01,6.306423451810991287e-02
1.863246311931559818e-01,6.176349551967910689e-02
1.902301188668945875e-01,6.048946263566018500e-02
1.942174681489024501e-01,5.924158761150551816e-02
1.982883949127071388e-01,5.801933344913012131e-02
2.024446509976801645e-01,5.682217417582521163e-02
2.066880249629081956e-01,5.564959461791415402e-02
2.110203428568596662e-01,5.450109017905759717e-02
2.154434690031882260e-01,5.337616662310887966e-02
2.199593068030074872e-01,5.227433986142777933e-02
2.245697995539771563e-01,5.119513574456207444e-02
2.292769312865648723e-01,5.013808985820444875e-02
2.340827276178294447e-01,4.910274732334043296e-02
2.389892566231047732e-01,4.808866260049826646e-02
2.439986297259550130e-01,4.709539929801798142e-02
2.491130026067790992e-01,4.612252998425785122e-02
2.543345761304648400e-01,4.516963600365546394e-02
2.596655972934872603e-01,4.423630729656554544e-02
2.651083601908535980e-01,4.332214222279755916e-02
2.706652070033241375e-01,4.242674738877498519e-02
2.763385290053172461e-01,4.154973747824466934e-02
2.821307675939470627e-01,4.069073508646103149e-02
2.880444153396297668e-01,3.984937055777477283e-02
2.940820170587060689e-01,3.902528182655692207e-02
3.002461709085549324e-01,3.821811426138781165e-02
3.065395295056529967e-01,3.742752051244623707e-02
3.129648010670750269e-01,3.665316036203122158e-02
3.195247505759213347e-01,3.589470057815274256e-02
3.262222009711666648e-01,3.515181477112938602e-02
3.330600343624588455e-01,3.442418325312906341e-02
3.400411932703709672e-01,3.371149290059464315e-02
3.471686818926559281e-01,3.301343701949368409e-02
3.544455673970435816e-01,3.232971521333467130e-02
3.618749812411276578e-01,3.166003325389380590e-02
3.694601205199302685e-01,3.100410295459510301e-02
3.772042493417001596e-01,3.036164204649110382e-02
3.851107002325568907e-01,2.973237405678923889e-02
3.931828755705770173e-01,2.911602818987245322e-02
4.014242490499317917e-01,2.851233921076303662e-02
4.098383671757261371e-01,2.792104733097847472e-02
4.184288507901584575e-01,2.734189809673162261e-02
4.271993966306776858e-01,2.677464227942575464e-02
4.361537789208005944e-01,2.621903576839804823e-02
4.452958509942651077e-01,2.567483946586558707e-02
4.546295469532399269e-01,2.514181918402764657e-02
4.641588833612781961e-01,2.461974554428133372e-02
4.738879609717651098e-01,2.410839387850601326e-02
4.838209664925957054e-01,2.360754413237446669e-02
4.939621743878315763e-01,2.311698077064973378e-02
5.043159487171359201e-01,2.263649268442559717e-02
5.148867450137497581e-01,2.216587310027226185e-02
5.256791122018419360e-01,2.170491949124683795e-02
5.366976945540475885e-01,2.125343348973100788e-02
5.479472336900281793e-01,2.081122080205849087e-02
5.594325706169377410e-01,2.037809112489478644e-02
5.711586478126434718e-01,1.995385806333416570e-02
5.831305113526218387e-01,1.953833905067786647e-02
5.953533130814370189e-01,1.913135526985920015e-02
6.078323128297223876e-01,1.873273157648224288e-02
6.205728806776500406e-01,1.834229642343989525e-02
6.335804992658253809e-01,1.795988178708010641e-02
6.468607661546320609e-01,1.758532309488744852e-02
6.604193962330304757e-01,1.721845915464931612e-02
6.742622241778335468e-01,1.685913208507664601e-02
6.883952069645495886e-01,1.650718724784826924e-02
7.028244264308353140e-01,1.616247318105083763e-02
7.175560918936920718e-01,1.582484153398466473e-02
7.325965428215229780e-01,1.549414700330784336e-02
7.479522515621829237e-01,1.517024727049135456e-02
7.636298261282241651e-01,1.485300294055773469e-02
7.796360130405236566e-01,1.454227748207708761e-02
7.959777002314977201e-01,1.423793716839501927e-02
8.126619200091945716e-01,1.393985102006632150e-02
8.296958520834915030e-01,1.364789074847061294e-02
8.470868266557401993e-01,1.336193070058473362e-02
8.648423275731726978e-01,1.308184780488859909e-02
8.829699955494082486e-01,1.280752151838133492e-02
9.014776314524917122e-01,1.253883377468423439e-02
9.203731996618230715e-01,1.227566893320896496e-02
9.396648314954690884e-01,1.201791372936845265e-02
9.593608287093147169e-01,1.176545722580929661e-02
9.794696670695385299e-01,1.151819076464482595e-02
1.000000000000000000e+00,1.127600792066776013e-02
1.020960662306047650e+00,1.103880445552285483e-02
1.042360673976401086e+00,1.080647827281930318e-02
1.064209244064724613e+00,1.057892937416371297e-02
1.086515774652537347e+00,1.035605981609495109e-02
1.109289864895222744e+00,1.013777366790171927e-02
1.132541315152812755e+00,9.923976970305297199e-03
1.156280131207375383e+00,9.714577694989129028e-03
1.180516528568805512e+00,9.509485704958003244e-03
1.205260936870841348e+00,9.308612715709894958e-03
1.230524004359261570e+00,9.111872257203229228e-03
1.256316602474121469e+00,8.919179636603769001e-03
1.282649830528059809e+00,8.730451901794507308e-03
1.309535020482667678e+00,8.545607805633051793e-03
1.336983741824945282e+00,8.364567770941249911e-03
1.365007806546013835e+00,8.187253856211424916e-03
1.393619274224143556e+00,8.013589722015043021e-03
1.422830457214351974e+00,7.843500598098771676e-03
1.452653925946781222e+00,7.676913251153943615e-03
1.483102514336102962e+00,7.513755953245650383e-03
1.514189325304351907e+00,7.353958450887414927e-03
1.545927736419478560e+00,7.197451934748548205e-03
1.578331405652116493e+00,7.044169009980726613e-03
1.611414277253019778e+00,6.894043667151070372e-03
1.645190587753660783e+00,6.747011253769379449e-03
1.679674872092653093e+00,6.603008446396762925e-03
1.714881969870540868e+00,6.461973223324081646e-03
1.750827031735723294e+00,6.323844837808032492e-03
1.787525525904235524e+00,6.188563791853399047e-03
1.824993244816150550e+00,6.056071810530302274e-03
1.863246311931559873e+00,5.926311816814982050e-03
1.902301188668945819e+00,5.799227906943611038e-03
1.942174681489024390e+00,5.674765326268163546e-03
1.982883949127071332e+00,5.552870445604026449e-03
2.024446509976801867e+00,5.433490738059206654e-03
2.066880249629082122e+00,5.316574756334843839e-03
2.110203428568596440e+00,5.202072110487510927e-03
2.154434690031882038e+00,5.089933446143452521e-03
2.199593068030074594e+00,4.980110423155392069e-03
2.245697995539771785e+00,4.872555694692792642e-03
2.292769312865648779e+00,4.767222886756324399e-03
2.340827276178294447e+00,4.664066578107868566e-03
2.389892566231047955e+00,4.563042280607264647e-03
2.439986297259550074e+00,4.464106419947305032e-03
2.491130026067791103e+00,4.367216316778785648e-03
2.543345761304648178e+00,4.272330168217321547e-03
2.596655972934872381e+00,4.179407029723958104e-03
2.651083601908536203e+00,4.088406797351947647e-03
2.706652070033241486e+00,3.999290190351778573e-03
2.763385290053172572e+00,3.912018734127253525e-03
2.821307675939470627e+00,3.826554743535076630e-03
2.880444153396297668e+00,3.742861306520894708e-03
2.940820170587060911e+00,3.660902268084852661e-03
3.002461709085549213e+00,3.580642214569628758e-03
3.065395295056529967e+00,3.502046458264469753e-03
3.129648010670750491e+00,3.425081022318535000e-03
3.195247505759213791e+00,3.349712625957174898e-03
3.262222009711666537e+00,3.275908669995035265e-03
3.330600343624588788e+00,3.203637222639654173e-03
3.400411932703709450e+00,3.132867005579876955e-03
3.471686818926559503e+00,3.063567380353059925e-03
3.544455673970435594e+00,2.995708334985526435e-03
3.618749812411276690e+00,2.929260470900803531e-03
3.694601205199302463e+00,2.864194990090133171e-03
3.772042493417001374e+00,2.800483682540242086e-03
3.851107002325568907e+00,2.738098913913135715e-03
3.931828755705770284e+00,2.677013613473078115e-03
4.014242490499317917e+00,2.617201262256057138e-03
4.098383671757261482e+00,2.558635881476956173e-03
4.184288507901584353e+00,2.501292021170189311e-03
4.271993966306776969e+00,2.445144749059308294e-03
4.361537789208005833e+00,2.390169639651552793e-03
4.452958509942650522e+00,2.336342763553372805e-03
4.546295469532399380e+00,2.283640677003026098e-03
4.641588833612781961e+00,2.232040411616735293e-03
4.738879609717651320e+00,2.181519464344833670e-03
4.838209664925956943e+00,2.132055787634678286e-03
4.939621743878315208e+00,2.083627779797272549e-03
5.043159487171358535e+00,2.036214275574598463e-03
5.148867450137498025e+00,1.989794536905109372e-03
5.256791122018419138e+00,1.944348243884791091e-03
5.366976945540476329e+00,1.899855485921572934e-03
5.479472336900281348e+00,1.856296753081145955e-03
5.594325706169377632e+00,1.813652927622270896e-03
5.711586478126434940e+00,1.771905275720235757e-03
5.831305113526219053e+00,1.731035439377096681e-03
5.953533130814370189e+00,1.691025428517841517e-03
6.078323128297223654e+00,1.651857613271889716e-03
6.205728806776500406e+00,1.613514716439569049e-03
6.335804992658253809e+00,1.575979806143792700e-03
6.468607661546320386e+00,1.539236288667357412e-03
6.604193962330305645e+00,1.503267901476842798e-03
6.742622241778335024e+00,1.468058706434616483e-03
6.883952069645496330e+00,1.433593083200822684e-03
7.028244264308352918e+00,1.399855722828072116e-03
7.175560918936921162e+00,1.366831621552018830e-03
7.325965428215230446e+00,1.334506074781934394e-03
7.479522515621813028e+00,1.302864671296273709e-03
7.636298261282241207e+00,1.271893287649160636e-03
7.796360130405236788e+00,1.241578082795146299e-03
7.959777002314977423e+00,1.211905492940890464e-03
8.126619200091946382e+00,1.182862226634318102e-03
8.296958520834914808e+00,1.154435260104000067e-03
8.470868266557403103e+00,1.126611832864194513e-03
8.648423275731726534e+00,1.099379443604582476e-03
8.829699955494083596e+00,1.072725846388275939e-03
9.014776314524917566e+00,1.046639047187630572e-03
9.203731996618230937e+00,1.021107300795645817e-03
9.396648314954690662e+00,9.961191081618607154e-04
9.593608287093147169e+00,9.716632142175455006e-04
9.794696670695385521e+00,9.477286062780140158e-04
1.000000000000000000e+01,9.243045131440059438e-04
1.020960662306047517e+01,9.013804050769383749e-04
1.042360673976401131e+01,8.789459949066794021e-04
1.064209244064724658e+01,8.569912406701589132e-04
1.086515774652537303e+01,8.355063504226856261e-04
1.109289864895222699e+01,8.144817903146925244e-04
1.132541315152812622e+01,7.939082979256513418e-04
1.156280131207375383e+01,7.737769048183545722e-04
1.180516528568805512e+01,7.540789772019073234e-04
1.205260936870841348e+01,7.348062984921068571e-04
1.230524004359261525e+01,7.159512801434888543e-04
1.256316602474121424e+01,6.975081712358576370e-04
1.282649830528059809e+01,6.794787933466187209e-04
1.309535020482667633e+01,6.618574749223931492e-04
1.336983741824945149e+01,6.446356923072092378e-04
1.365007806546013747e+01,6.278061060231622135e-04
1.393619274224143467e+01,6.113582409976247396e-04
1.422830457214351974e+01,5.952863189559178762e-04
1.452653925946781222e+01,5.795818532467691573e-04
1.483102514336102828e+01,5.642370735303353429e-04
1.514189325304351996e+01,5.492445162828919281e-04
1.545927736419478471e+01,5.345970999823953466e-04
1.578331405652116537e+01,5.202868074043762257e-04
1.611414277253019733e+01,5.063075405630826885e-04
1.645190587753660694e+01,4.926517769404594339e-04
1.679674872092653004e+01,4.793131173269123287e-04
1.714881969870540956e+01,4.662844710292113185e-04
1.750827031735723338e+01,4.535596983976816180e-04
1.787525525904235479e+01,4.411323630732494208e-04
1.824993244816150550e+01,4.289962268437223108e-04
1.863246311931559873e+01,4.171448907814176931e-04
1.902301188668945642e+01,4.055734616558639830e-04
1.942174681489024479e+01,3.942738039230441805e-04
1.982883949127071332e+01,3.832422567509138249e-04
2.024446509976801778e+01,3.724724516395864550e-04
2.066880249629081945e+01,3.619594301044474680e-04
2.110203428568596706e+01,3.516977236871187394e-04
2.154434690031882127e+01,3.416786004014176468e-04
2.199593068030074861e+01,3.319016597534863323e-04
2.245697995539771696e+01,3.223598352218755834e-04
2.292769312865648601e+01,3.130475386559104572e-04
2.340827276178294269e+01,3.039617619282256977e-04
2.389892566231047866e+01,2.950963957144539973e-04
2.439986297259550341e+01,2.864465560698471660e-04
2.491130026067785863e+01,2.780078235111404475e-04
2.543345761304648178e+01,2.697761019200694979e-04
2.596655972934872381e+01,2.617454707194320426e-04
2.651083601908536380e+01,2.539155008947767845e-04
2.706652070033241131e+01,2.462766109947620800e-04
2.763385290053172838e+01,2.388281998669204156e-04
2.821307675939470627e+01,2.315652837912602225e-04
2.880444153396297935e+01,2.244838469696240049e-04
2.940820170587060645e+01,2.175800211306165848e-04
3.002461709085549302e+01,2.108498757212573776e-04
3.065395295056529790e+01,2.042896585127878866e-04
3.129648010670750580e+01,1.978957899416913118e-04
3.195247505759213524e+01,1.916646029354423229e-04
3.262222009711666715e+01,1.855925303133726639e-04
3.330600343624588788e+01,1.796760080487312834e-04
3.400411932703709539e+01,1.739118256495689868e-04
3.471686818926559681e+01,1.682965634920795110e-04
3.544455673970435328e+01,1.628291090029417596e-04
3.618749812411276423e+01,1.574999595808100931e-04
3.694601205199302285e+01,1.523121366646251881e-04
3.772042493417001197e+01,1.472606823799918366e-04
3.851107002325569084e+01,1.423425317759055911e-04
3.931828755705770106e+01,1.375544734192805485e-04
4.014242490499317739e+01,1.328939338002905405e-04
4.098383671757261482e+01,1.283581277151829320e-04
4.184288507901584353e+01,1.239437835950289810e-04
4.271993966306776969e+01,1.196487030440296535e-04
4.361537789208005478e+01,1.154701681213972738e-04
4.452958509942650522e+01,1.114244264825035239e-04
4.546295469532399380e+01,1.074514601060499243e-04
4.641588833612782139e+01,1.036043681017480636e-04
4.738879609717650965e+01,9.986880657506677313e-05
4.838209664925957298e+01,9.623337167411716796e-05
4.939621743878315385e+01,9.270020512740317182e-05
5.043159487171358535e+01,8.926619216634176747e-05
5.148867450137497315e+01,8.592917313650118565e-05
5.256791122018419316e+01,8.268690605447386705e-05
5.366976945540476152e+01,7.953719450334192074e-05
5.479472336900281704e+01,7.647802909601682372e-05
5.594325706169377810e+01,7.350705940110159066e-05
5.711586478126434940e+01,7.062276577395724150e-05
5.831305113526218520e+01,6.782244042470958977e-05
5.953533130814370367e+01,6.510453396446940681e-05
6.078323128297223832e+01,6.246722485074153821e-05
6.205728806776500761e+01,5.990852783817633481e-05
6.335804992658254520e+01,5.742565295294591661e-05
6.468607661546320742e+01,5.502018212664141681e-05
6.604193962330305112e+01,5.268614802366698984e-05
6.742622241778335024e+01,5.042438236331581798e-05
6.883952069645496863e+01,4.823195288766861805e-05
7.028244264308352740e+01,4.610792448392013302e-05
7.175560918936920984e+01,4.405057968389347047e-05
7.325965428215229736e+01,4.205835856877978023e-05
7.479522515621813739e+01,4.012967892984438661e-05
7.636298261282242095e+01,3.826307162122770947e-05
7.796360130405237499e+01,3.645706355008432342e-05
7.959777002314977778e+01,3.471025953681801287e-05
8.126619200091946027e+01,3.302118705728933020e-05
8.296958520834914452e+01,3.138868808161485033e-05
8.470868266557401682e+01,2.981126563075817620e-05
8.648423275731727244e+01,2.828768150566055817e-05
8.829699955494082531e+01,2.681669254590174174e-05
9.014776314524917211e+01,2.539705841200526497e-05
9.203731996618230937e+01,2.402760660904016871e-05
9.396648314954690306e+01,2.270715917548230551e-05
9.593608287093147169e+01,2.143459612782991840e-05
9.794696670695385876e+01,2.020882837431902328e-05
1.000000000000000000e+02,1.902877394502773997e-05
1.020960662306047624e+02,1.789339842205287355e-05
1.042360673976401131e+02,1.680168871481210632e-05
1.064209244064724658e+02,1.575267003526167368e-05
1.086515774652537232e+02,1.474536584056411130e-05
1.109289864895222735e+02,1.377887934959904273e-05
1.132541315152812587e+02,1.285229742483060870e-05
1.156280131207375348e+02,1.196475286652961254e-05
1.180516528568805512e+02,1.111541098766545244e-05
1.205260936870841419e+02,1.030341798321547418e-05
1.230524004359261596e+02,9.528008980102502048e-06
1.256316602474121424e+02,8.788856287574098785e-06
1.282649830528060022e+02,8.083883734207991781e-06
1.309535020482667562e+02,7.413688041390778633e-06
1.336983741824945184e+02,6.777122872609941486e-06
1.365007806546013853e+02,6.173514675870139405e-06
1.393619274224143396e+02,5.602206171526061627e-06
1.422830457214352009e+02,5.062553491926782354e-06
1.452653925946781328e+02,4.553927665551379077e-06
1.483102514336102900e+02,4.075725786558826541e-06
1.514189325304351996e+02,3.627370860250567544e-06
1.545927736419478435e+02,3.208249447930124290e-06
1.578331405652116359e+02,2.817840331264265195e-06
1.611414277253019804e+02,2.455534968441589445e-06
1.645190587753660907e+02,2.120824824575329273e-06
1.679674872092653288e+02,1.813147991352516873e-06
1.714881969870540956e+02,1.531962581566379175e-06
1.750827031735723267e+02,1.276716823652305290e-06
1.787525525904235337e+02,1.046872545610366566e-06
1.824993244816150479e+02,8.418406372172906929e-07
1.863246311931559944e+02,6.610586015450305221e-07
1.902301188668945713e+02,5.039137633710469207e-07
1.942174681489024408e+02,3.697650008736327226e-07
1.982883949127071332e+02,2.579227254078987820e-07
2.024446509976801849e+02,1.676311958310787574e-07
2.066880249629082016e+02,9.804628036030887650e-08
2.110203428568596564e+02,4.815154898158464195e-08
2.154434690031882269e+02,0.000000000000000000e+00
2.199593068030074789e+02,0.000000000000000000e+00
2.245697995539771625e+02,0.000000000000000000e+00
2.292769312865648885e+02,0.000000000000000000e+00
2.340827276178294198e+02,0.000000000000000000e+00
2.389892566231047795e+02,0.000000000000000000e+00
2.439986297259550270e+02,0.000000000000000000e+00
2.491130026067785934e+02,0.000000000000000000e+00
2.543345761304648249e+02,0.000000000000000000e+00
2.596655972934872239e+02,0.000000000000000000e+00
2.651083601908536025e+02,0.000000000000000000e+00
2.706652070033241557e+02,0.000000000000000000e+00
2.763385290053172412e+02,0.000000000000000000e+00
2.821307675939470982e+02,0.000000000000000000e+00
2.880444153396297793e+02,0.000000000000000000e+00
2.940820170587060716e+02,0.000000000000000000e+00
3.002461709085549160e+02,0.000000000000000000e+00
3.065395295056529790e+02,0.000000000000000000e+00
3.129648010670750296e+02,0.000000000000000000e+00
3.195247505759213595e+02,0.000000000000000000e+00
3.262222009711666715e+02,0.000000000000000000e+00
3.330600343624588504e+02,0.000000000000000000e+00
3.400411932703709681e+02,0.000000000000000000e+00
3.471686818926559681e+02,0.000000000000000000e+00
3.544455673970435328e+02,0.000000000000000000e+00
3.618749812411276707e+02,0.000000000000000000e+00
3.694601205199302285e+02,0.000000000000000000e+00
3.772042493417001197e+02,0.000000000000000000e+00
3.851107002325568942e+02,0.000000000000000000e+00
3.931828755705770391e+02,0.000000000000000000e+00
4.014242490499318023e+02,0.000000000000000000e+00
4.098383671757261482e+02,0.000000000000000000e+00
4.184288507901584353e+02,0.000000000000000000e+00
4.271993966306776542e+02,0.000000000000000000e+00
4.361537789208005620e+02,0.000000000000000000e+00
4.452958509942650949e+02,0.000000000000000000e+00
4.546295469532399238e+02,0.000000000000000000e+00
4.641588833612781855e+02,0.000000000000000000e+00
4.738879609717650965e+02,0.000000000000000000e+00
4.838209664925957441e+02,0.000000000000000000e+00
4.939621743878315669e+02,0.000000000000000000e+00
5.043159487171358819e+02,0.000000000000000000e+00
5.148867450137497599e+02,0.000000000000000000e+00
5.256791122018419173e+02,0.000000000000000000e+00
5.366976945540476436e+02,0.000000000000000000e+00
5.479472336900281562e+02,0.000000000000000000e+00
5.594325706169377099e+02,0.000000000000000000e+00
5.711586478126434940e+02,0.000000000000000000e+00
5.831305113526218520e+02,0.000000000000000000e+00
5.953533130814370224e+02,0.000000000000000000e+00
6.078323128297223548e+02,0.000000000000000000e+00
6.205728806776500051e+02,0.000000000000000000e+00
6.335804992658254378e+02,0.000000000000000000e+00
6.468607661546320742e+02,0.000000000000000000e+00
6.604193962330305112e+02,0.000000000000000000e+00
6.742622241778335592e+02,0.000000000000000000e+00
6.883952069645496294e+02,0.000000000000000000e+00
7.028244264308352740e+02,0.000000000000000000e+00
7.175560918936921553e+02,0.000000000000000000e+00
7.325965428215230304e+02,0.000000000000000000e+00
7.479522515621813454e+02,0.000000000000000000e+00
7.636298261282241810e+02,0.000000000000000000e+00
7.796360130405237214e+02,0.000000000000000000e+00
7.959777002314978063e+02,0.000000000000000000e+00
8.126619200091945459e+02,0.000000000000000000e+00
8.296958520834898536e+02,0.000000000000000000e+00
8.470868266557401967e+02,0.000000000000000000e+00
8.648423275731726108e+02,0.000000000000000000e+00
8.829699955494082815e+02,0.000000000000000000e+00
9.014776314524917780e+02,0.000000000000000000e+00
9.203731996618230369e+02,0.000000000000000000e+00
9.396648314954691159e+02,0.000000000000000000e+00
9.593608287093146600e+02,0.000000000000000000e+00
9.794696670695385592e+02,0.000000000000000000e+00
1.000000000000000000e+03,0.000000000000000000e+00
1.020960662306047539e+03,0.000000000000000000e+00
1.042360673976403177e+03,0.000000000000000000e+00
1.064209244064722498e+03,0.000000000000000000e+00
1.086515774652537175e+03,0.000000000000000000e+00
1.109289864895222763e+03,0.000000000000000000e+00
1.132541315152812558e+03,0.000000000000000000e+00
1.156280131207377735e+03,0.000000000000000000e+00
1.180516528568803096e+03,0.000000000000000000e+00
1.205260936870841306e+03,0.000000000000000000e+00
1.230524004359261653e+03,0.000000000000000000e+00
1.256316602474121510e+03,0.000000000000000000e+00
1.282649830528062466e+03,0.000000000000000000e+00
1.309535020482665004e+03,0.000000000000000000e+00
1.336983741824945128e+03,0.000000000000000000e+00
1.365007806546013853e+03,0.000000000000000000e+00
1.393619274224143510e+03,0.000000000000000000e+00
1.422830457214354738e+03,0.000000000000000000e+00
1.452653925946778145e+03,0.000000000000000000e+00
1.483102514336102786e+03,0.000000000000000000e+00
1.514189325304351996e+03,0.000000000000000000e+00
1.545927736419478606e+03,0.000000000000000000e+00
1.578331405652119656e+03,0.000000000000000000e+00
1.611414277253016508e+03,0.000000000000000000e+00
1.645190587753660793e+03,0.000000000000000000e+00
1.679674872092653231e+03,0.000000000000000000e+00
1.714881969870540843e+03,0.000000000000000000e+00
1.750827031735726905e+03,0.000000000000000000e+00
1.787525525904231699e+03,0.000000000000000000e+00
1.824993244816150536e+03,0.000000000000000000e+00
1.863246311931559831e+03,0.000000000000000000e+00
1.902301188668945770e+03,0.000000000000000000e+00
1.942174681489028444e+03,0.000000000000000000e+00
1.982883949127067353e+03,0.000000000000000000e+00
2.024446509976801735e+03,0.000000000000000000e+00
2.066880249629081845e+03,0.000000000000000000e+00
2.110203428568596337e+03,0.000000000000000000e+00
2.154434690031886475e+03,0.000000000000000000e+00
2.199593068030070299e+03,0.000000000000000000e+00
2.245697995539771910e+03,0.000000000000000000e+00
2.292769312865648772e+03,0.000000000000000000e+00
2.340827276178294142e+03,0.000000000000000000e+00
2.389892566231052569e+03,0.000000000000000000e+00
2.439986297259545154e+03,0.000000000000000000e+00
2.491130026067785820e+03,0.000000000000000000e+00
2.543345761304648022e+03,0.000000000000000000e+00
2.596655972934872352e+03,0.000000000000000000e+00
2.651083601908541823e+03,0.000000000000000000e+00
2.706652070033235759e+03,0.000000000000000000e+00
2.763385290053166955e+03,0.000000000000000000e+00
2.821307675939470755e+03,0.000000000000000000e+00
2.880444153396297679e+03,0.000000000000000000e+00
2.940820170587066514e+03,0.000000000000000000e+00
3.002461709085543134e+03,0.000000000000000000e+00
3.065395295056523537e+03,0.000000000000000000e+00
3.129648010670750409e+03,0.000000000000000000e+00
3.195247505759213709e+03,0.000000000000000000e+00
3.262222009711673309e+03,0.000000000000000000e+00
3.330600343624581910e+03,0.000000000000000000e+00
3.400411932703702405e+03,0.000000000000000000e+00
3.471686818926559681e+03,0.000000000000000000e+00
3.544455673970435782e+03,0.000000000000000000e+00
3.618749812411283983e+03,0.000000000000000000e+00
3.694601205199294782e+03,0.000000000000000000e+00
3.772042493416993693e+03,0.000000000000000000e+00
3.851107002325568828e+03,0.000000000000000000e+00
3.931828755705770163e+03,0.000000000000000000e+00
4.014242490499325868e+03,0.000000000000000000e+00
4.098383671757253069e+03,0.000000000000000000e+00
4.184288507901575940e+03,0.000000000000000000e+00
4.271993966306776201e+03,0.000000000000000000e+00
4.361537789208005961e+03,0.000000000000000000e+00
4.452958509942660385e+03,0.000000000000000000e+00
4.546295469532390598e+03,0.000000000000000000e+00
4.641588833612772760e+03,0.000000000000000000e+00
4.738879609717650965e+03,0.000000000000000000e+00
4.838209664925957441e+03,0.000000000000000000e+00
4.939621743878326015e+03,0.000000000000000000e+00
5.043159487171348701e+03,0.000000000000000000e+00
5.148867450137487140e+03,0.000000000000000000e+00
5.256791122018418719e+03,0.000000000000000000e+00
5.366976945540475754e+03,0.000000000000000000e+00
5.479472336900292248e+03,0.000000000000000000e+00
5.594325706169389377e+03,0.000000000000000000e+00
5.711586478126423572e+03,0.000000000000000000e+00
5.831305113526218520e+03,0.000000000000000000e+00
5.953533130814370452e+03,0.000000000000000000e+00
6.078323128297236508e+03,0.000000000000000000e+00
6.205728806776513011e+03,0.000000000000000000e+00
6.335804992658241645e+03,0.000000000000000000e+00
6.468607661546320742e+03,0.000000000000000000e+00
6.604193962330305112e+03,0.000000000000000000e+00
6.742622241778349235e+03,0.000000000000000000e+00
6.883952069645510164e+03,0.000000000000000000e+00
7.028244264308338643e+03,0.000000000000000000e+00
7.175560918936920643e+03,0.000000000000000000e+00
7.325965428215230531e+03,0.000000000000000000e+00
7.479522515621828461e+03,0.000000000000000000e+00
7.636298261282257045e+03,0.000000000000000000e+00
7.796360130405220843e+03,0.000000000000000000e+00
7.959777002314977835e+03,0.000000000000000000e+00
8.126619200091945459e+03,0.000000000000000000e+00
8.296958520834914452e+03,0.000000000000000000e+00
8.470868266557419702e+03,0.000000000000000000e+00
8.648423275731709509e+03,0.000000000000000000e+00
8.829699955494083042e+03,0.000000000000000000e+00
9.014776314524917325e+03,0.000000000000000000e+00
9.203731996618229459e+03,0.000000000000000000e+00
9.396648314954709349e+03,0.000000000000000000e+00
9.593608287093127728e+03,0.000000000000000000e+00
9.794696670695386274e+03,0.000000000000000000e+00
1.000000000000000000e+04,0.000000000000000000e+00
